Results:
ResultSet for list size: 100000


Average per algorithm:
INDEXED_FOR: 1.0714285714285714
STREAM_REDUCE: 0.7244897959183674
PARALLEL_STREAM: 0.8877551020408163
STREAM_COLLECT: 1.010204081632653
FOR_LOOP: 0.5408163265306123
WHILE_LOOP: 1.5510204081632653
FOREACH: 1.469387755102041
STREAM_MAPTOLONG: 0.7346938775510204
ITERATOR: 0.5510204081632653


Standard deviation per algorithm:
INDEXED_FOR: 2.767338661115788
STREAM_REDUCE: 0.446771005693666
PARALLEL_STREAM: 1.6774777778340404
STREAM_COLLECT: 0.2256463713009794
FOR_LOOP: 1.451026148844811
WHILE_LOOP: 1.5460446503280545
FOREACH: 0.49906201063826466
STREAM_MAPTOLONG: 0.4414960745466109
ITERATOR: 1.0012486997580474


Measurements per algorithm:
INDEXED_FOR: [15, 19, 14, 18, 8, 1, 1, 2, 2, 0, 1, 1, 0, 0, 1, 0, 1, 0, 0, 1, 0, 0, 1, 1, 0, 0, 1, 1, 1, 0, 0, 0, 0, 1, 1, 0, 0, 0, 1, 1, 1, 1, 1, 1, 0, 1, 1, 0, 1, 1, 1, 0, 1, 0, 0, 0, 0, 0, 1, 0, 0, 1, 1, 0, 1, 1, 0, 1, 0, 1, 1, 0, 1, 1, 0, 1, 1, 0, 1, 0, 0, 1, 0, 0, 1, 0, 0, 0, 0, 1, 0, 0, 0, 1, 1, 1, 0, 1, 0, 0]
STREAM_REDUCE: [9, 0, 0, 1, 1, 0, 1, 1, 0, 0, 1, 1, 1, 1, 0, 0, 1, 0, 1, 1, 1, 1, 1, 1, 1, 1, 1, 1, 0, 1, 0, 0, 1, 1, 1, 1, 1, 1, 1, 1, 1, 1, 0, 0, 1, 1, 1, 0, 0, 1, 1, 1, 0, 1, 1, 0, 1, 1, 1, 1, 1, 0, 1, 1, 1, 1, 1, 0, 1, 0, 0, 1, 1, 0, 1, 1, 1, 1, 0, 1, 1, 1, 0, 0, 1, 0, 1, 1, 1, 0, 1, 1, 1, 1, 1, 1, 0, 1, 1, 1]
PARALLEL_STREAM: [8, 11, 13, 10, 1, 2, 0, 1, 0, 1, 0, 1, 0, 1, 1, 0, 0, 1, 0, 1, 0, 1, 0, 0, 0, 0, 1, 1, 0, 0, 1, 1, 1, 0, 1, 0, 0, 1, 0, 1, 0, 0, 0, 2, 0, 1, 1, 1, 1, 0, 0, 1, 0, 1, 1, 1, 0, 1, 1, 0, 1, 0, 0, 1, 1, 1, 1, 0, 0, 2, 1, 1, 0, 0, 1, 1, 1, 0, 1, 0, 0, 2, 1, 0, 1, 1, 1, 1, 2, 1, 0, 1, 0, 1, 1, 0, 0, 0, 0, 1]
STREAM_COLLECT: [4, 1, 1, 1, 1, 1, 1, 1, 1, 1, 1, 1, 1, 1, 1, 1, 1, 1, 1, 1, 1, 1, 1, 1, 1, 1, 1, 1, 1, 2, 1, 1, 1, 1, 1, 1, 1, 1, 1, 1, 1, 1, 1, 1, 1, 1, 1, 1, 1, 1, 1, 0, 1, 1, 0, 1, 1, 1, 1, 1, 1, 1, 1, 1, 0, 1, 1, 1, 1, 1, 1, 1, 1, 1, 1, 1, 1, 1, 1, 1, 2, 1, 2, 1, 1, 1, 1, 1, 1, 1, 1, 1, 1, 1, 1, 1, 1, 1, 1, 1]
FOR_LOOP: [14, 20, 1, 0, 0, 1, 0, 0, 0, 0, 1, 0, 0, 0, 0, 0, 0, 0, 1, 1, 0, 1, 1, 0, 0, 0, 0, 0, 0, 1, 1, 1, 0, 0, 1, 1, 0, 1, 0, 1, 0, 1, 0, 0, 0, 0, 1, 1, 0, 1, 1, 1, 1, 0, 0, 1, 0, 1, 1, 0, 1, 0, 1, 0, 0, 0, 0, 0, 1, 0, 1, 0, 1, 1, 0, 0, 0, 0, 0, 0, 1, 0, 1, 1, 0, 0, 1, 0, 0, 0, 1, 0, 1, 1, 1, 1, 0, 0, 0, 0]
WHILE_LOOP: [13, 45, 2, 0, 1, 1, 0, 2, 2, 3, 2, 2, 2, 2, 2, 2, 1, 0, 1, 0, 0, 0, 1, 0, 1, 0, 1, 2, 0, 1, 1, 1, 0, 0, 1, 1, 0, 0, 1, 2, 2, 2, 3, 2, 2, 2, 2, 2, 2, 4, 3, 2, 3, 2, 3, 2, 3, 2, 3, 3, 2, 3, 2, 3, 3, 2, 2, 3, 3, 3, 2, 2, 1, 1, 2, 3, 1, 0, 0, 1, 0, 0, 0, 0, 1, 1, 1, 1, 0, 1, 1, 1, 1, 1, 1, 0, 1, 1, 0, 1]
FOREACH: [11, 2, 1, 1, 2, 2, 2, 1, 1, 2, 1, 2, 1, 2, 1, 1, 1, 1, 1, 1, 2, 2, 2, 2, 1, 2, 2, 1, 1, 1, 1, 1, 2, 1, 1, 1, 1, 2, 1, 1, 2, 2, 2, 1, 2, 2, 2, 2, 2, 2, 1, 1, 1, 2, 2, 2, 1, 1, 1, 2, 1, 1, 1, 1, 2, 1, 1, 1, 1, 1, 2, 2, 1, 1, 1, 1, 1, 2, 2, 2, 1, 1, 2, 2, 1, 1, 2, 2, 2, 2, 2, 2, 2, 2, 2, 1, 1, 1, 1, 2]
STREAM_MAPTOLONG: [5, 1, 1, 1, 1, 0, 1, 1, 1, 1, 1, 1, 1, 1, 1, 0, 1, 1, 1, 0, 1, 1, 1, 0, 1, 1, 0, 1, 1, 0, 0, 1, 1, 0, 0, 1, 1, 0, 1, 1, 1, 0, 1, 1, 0, 0, 1, 0, 1, 1, 0, 1, 0, 1, 1, 1, 1, 0, 1, 1, 1, 0, 1, 1, 1, 0, 1, 0, 1, 1, 1, 0, 1, 1, 1, 1, 1, 1, 0, 1, 0, 1, 1, 1, 0, 1, 1, 1, 1, 1, 1, 1, 1, 0, 1, 1, 0, 0, 1, 1]
ITERATOR: [14, 9, 1, 1, 2, 0, 1, 1, 1, 1, 0, 1, 1, 1, 1, 1, 0, 0, 0, 1, 1, 1, 0, 0, 1, 0, 1, 1, 1, 1, 0, 0, 1, 0, 0, 1, 0, 1, 0, 0, 0, 0, 0, 0, 0, 0, 0, 1, 0, 0, 1, 1, 1, 1, 1, 1, 0, 1, 0, 0, 0, 1, 1, 0, 0, 1, 1, 1, 0, 1, 0, 0, 0, 0, 0, 1, 0, 1, 1, 0, 1, 0, 1, 0, 0, 0, 0, 0, 0, 1, 0, 1, 0, 0, 0, 0, 0, 0, 0, 0]


Classified measurements per deviation per algorithm:
INDEXED_FOR: {MORE_THAN_TWO_STANDARD_DEVIATIONS=[15, 19, 14, 18, 8], LESS_THAN_ONE_STANDARD_DEVIATION=[1, 1, 2, 2, 0, 1, 1, 0, 0, 1, 0, 1, 0, 0, 1, 0, 0, 1, 1, 0, 0, 1, 1, 1, 0, 0, 0, 0, 1, 1, 0, 0, 0, 1, 1, 1, 1, 1, 1, 0, 1, 1, 0, 1, 1, 1, 0, 1, 0, 0, 0, 0, 0, 1, 0, 0, 1, 1, 0, 1, 1, 0, 1, 0, 1, 1, 0, 1, 1, 0, 1, 1, 0, 1, 0, 0, 1, 0, 0, 1, 0, 0, 0, 0, 1, 0, 0, 0, 1, 1, 1, 0, 1, 0, 0]}
STREAM_REDUCE: {MORE_THAN_TWO_STANDARD_DEVIATIONS=[9], MORE_THAN_ONE_STANDARD_DEVIATION=[0, 0, 0, 0, 0, 0, 0, 0, 0, 0, 0, 0, 0, 0, 0, 0, 0, 0, 0, 0, 0, 0, 0, 0, 0, 0, 0, 0], LESS_THAN_ONE_STANDARD_DEVIATION=[1, 1, 1, 1, 1, 1, 1, 1, 1, 1, 1, 1, 1, 1, 1, 1, 1, 1, 1, 1, 1, 1, 1, 1, 1, 1, 1, 1, 1, 1, 1, 1, 1, 1, 1, 1, 1, 1, 1, 1, 1, 1, 1, 1, 1, 1, 1, 1, 1, 1, 1, 1, 1, 1, 1, 1, 1, 1, 1, 1, 1, 1, 1, 1, 1, 1, 1, 1, 1, 1, 1]}
PARALLEL_STREAM: {MORE_THAN_TWO_STANDARD_DEVIATIONS=[8, 11, 13, 10], LESS_THAN_ONE_STANDARD_DEVIATION=[1, 2, 0, 1, 0, 1, 0, 1, 0, 1, 1, 0, 0, 1, 0, 1, 0, 1, 0, 0, 0, 0, 1, 1, 0, 0, 1, 1, 1, 0, 1, 0, 0, 1, 0, 1, 0, 0, 0, 2, 0, 1, 1, 1, 1, 0, 0, 1, 0, 1, 1, 1, 0, 1, 1, 0, 1, 0, 0, 1, 1, 1, 1, 0, 0, 2, 1, 1, 0, 0, 1, 1, 1, 0, 1, 0, 0, 2, 1, 0, 1, 1, 1, 1, 2, 1, 0, 1, 0, 1, 1, 0, 0, 0, 0, 1]}
STREAM_COLLECT: {MORE_THAN_TWO_STANDARD_DEVIATIONS=[4, 2, 0, 0, 0, 2, 2], LESS_THAN_ONE_STANDARD_DEVIATION=[1, 1, 1, 1, 1, 1, 1, 1, 1, 1, 1, 1, 1, 1, 1, 1, 1, 1, 1, 1, 1, 1, 1, 1, 1, 1, 1, 1, 1, 1, 1, 1, 1, 1, 1, 1, 1, 1, 1, 1, 1, 1, 1, 1, 1, 1, 1, 1, 1, 1, 1, 1, 1, 1, 1, 1, 1, 1, 1, 1, 1, 1, 1, 1, 1, 1, 1, 1, 1, 1, 1, 1, 1, 1, 1, 1, 1, 1, 1, 1, 1, 1, 1, 1, 1, 1, 1, 1, 1, 1, 1, 1, 1]}
FOR_LOOP: {MORE_THAN_TWO_STANDARD_DEVIATIONS=[14, 20], LESS_THAN_ONE_STANDARD_DEVIATION=[1, 0, 0, 1, 0, 0, 0, 0, 1, 0, 0, 0, 0, 0, 0, 0, 1, 1, 0, 1, 1, 0, 0, 0, 0, 0, 0, 1, 1, 1, 0, 0, 1, 1, 0, 1, 0, 1, 0, 1, 0, 0, 0, 0, 1, 1, 0, 1, 1, 1, 1, 0, 0, 1, 0, 1, 1, 0, 1, 0, 1, 0, 0, 0, 0, 0, 1, 0, 1, 0, 1, 1, 0, 0, 0, 0, 0, 0, 1, 0, 1, 1, 0, 0, 1, 0, 0, 0, 1, 0, 1, 1, 1, 1, 0, 0, 0, 0]}
WHILE_LOOP: {MORE_THAN_TWO_STANDARD_DEVIATIONS=[13, 45], MORE_THAN_ONE_STANDARD_DEVIATION=[0, 0, 0, 0, 0, 0, 0, 0, 0, 0, 0, 0, 0, 4, 0, 0, 0, 0, 0, 0, 0, 0, 0], LESS_THAN_ONE_STANDARD_DEVIATION=[2, 1, 1, 2, 2, 3, 2, 2, 2, 2, 2, 2, 1, 1, 1, 1, 1, 2, 1, 1, 1, 1, 1, 1, 2, 2, 2, 3, 2, 2, 2, 2, 2, 2, 3, 2, 3, 2, 3, 2, 3, 2, 3, 3, 2, 3, 2, 3, 3, 2, 2, 3, 3, 3, 2, 2, 1, 1, 2, 3, 1, 1, 1, 1, 1, 1, 1, 1, 1, 1, 1, 1, 1, 1, 1]}
FOREACH: {MORE_THAN_TWO_STANDARD_DEVIATIONS=[11], MORE_THAN_ONE_STANDARD_DEVIATION=[2, 2, 2, 2, 2, 2, 2, 2, 2, 2, 2, 2, 2, 2, 2, 2, 2, 2, 2, 2, 2, 2, 2, 2, 2, 2, 2, 2, 2, 2, 2, 2, 2, 2, 2, 2, 2, 2, 2, 2, 2, 2, 2, 2, 2, 2], LESS_THAN_ONE_STANDARD_DEVIATION=[1, 1, 1, 1, 1, 1, 1, 1, 1, 1, 1, 1, 1, 1, 1, 1, 1, 1, 1, 1, 1, 1, 1, 1, 1, 1, 1, 1, 1, 1, 1, 1, 1, 1, 1, 1, 1, 1, 1, 1, 1, 1, 1, 1, 1, 1, 1, 1, 1, 1, 1, 1, 1]}
STREAM_MAPTOLONG: {MORE_THAN_TWO_STANDARD_DEVIATIONS=[5], MORE_THAN_ONE_STANDARD_DEVIATION=[0, 0, 0, 0, 0, 0, 0, 0, 0, 0, 0, 0, 0, 0, 0, 0, 0, 0, 0, 0, 0, 0, 0, 0, 0, 0, 0], LESS_THAN_ONE_STANDARD_DEVIATION=[1, 1, 1, 1, 1, 1, 1, 1, 1, 1, 1, 1, 1, 1, 1, 1, 1, 1, 1, 1, 1, 1, 1, 1, 1, 1, 1, 1, 1, 1, 1, 1, 1, 1, 1, 1, 1, 1, 1, 1, 1, 1, 1, 1, 1, 1, 1, 1, 1, 1, 1, 1, 1, 1, 1, 1, 1, 1, 1, 1, 1, 1, 1, 1, 1, 1, 1, 1, 1, 1, 1, 1]}
ITERATOR: {MORE_THAN_TWO_STANDARD_DEVIATIONS=[14, 9], MORE_THAN_ONE_STANDARD_DEVIATION=[2], LESS_THAN_ONE_STANDARD_DEVIATION=[1, 1, 0, 1, 1, 1, 1, 0, 1, 1, 1, 1, 1, 0, 0, 0, 1, 1, 1, 0, 0, 1, 0, 1, 1, 1, 1, 0, 0, 1, 0, 0, 1, 0, 1, 0, 0, 0, 0, 0, 0, 0, 0, 0, 1, 0, 0, 1, 1, 1, 1, 1, 1, 0, 1, 0, 0, 0, 1, 1, 0, 0, 1, 1, 1, 0, 1, 0, 0, 0, 0, 0, 1, 0, 1, 1, 0, 1, 0, 1, 0, 0, 0, 0, 0, 0, 1, 0, 1, 0, 0, 0, 0, 0, 0, 0, 0]}
-----------------
ResultSet for list size: 10000


Average per algorithm:
INDEXED_FOR: 0.1836734693877551
STREAM_REDUCE: 0.11224489795918367
PARALLEL_STREAM: 0.37755102040816324
STREAM_COLLECT: 0.11224489795918367
FOR_LOOP: 0.08163265306122448
WHILE_LOOP: 0.20408163265306123
FOREACH: 0.24489795918367346
STREAM_MAPTOLONG: 0.09183673469387756
ITERATOR: 0.09183673469387756


Standard deviation per algorithm:
INDEXED_FOR: 0.5775906815544859
STREAM_REDUCE: 0.31566751629098
PARALLEL_STREAM: 1.0450593784755846
STREAM_COLLECT: 0.31566751629098
FOR_LOOP: 0.3088315500086032
WHILE_LOOP: 0.45083106192601063
FOREACH: 0.43002668378990766
STREAM_MAPTOLONG: 0.28879534077724295
ITERATOR: 0.3524472661055213


Measurements per algorithm:
INDEXED_FOR: [2, 3, 3, 3, 2, 1, 0, 1, 2, 0, 0, 0, 0, 0, 0, 0, 0, 0, 0, 0, 0, 0, 0, 0, 0, 0, 0, 0, 0, 0, 0, 0, 0, 0, 0, 0, 0, 0, 0, 0, 0, 0, 0, 0, 0, 1, 0, 0, 0, 0, 0, 0, 0, 0, 0, 0, 0, 0, 0, 0, 0, 0, 0, 0, 1, 0, 0, 0, 0, 0, 0, 0, 0, 0, 0, 0, 1, 0, 0, 0, 0, 0, 0, 0, 0, 0, 0, 0, 0, 0, 0, 0, 0, 1, 0, 0, 0, 0, 0, 0]
STREAM_REDUCE: [3, 0, 0, 1, 0, 0, 0, 0, 0, 0, 0, 1, 0, 0, 0, 0, 1, 0, 0, 1, 0, 0, 0, 0, 0, 0, 1, 0, 0, 0, 0, 0, 0, 1, 0, 0, 0, 0, 0, 1, 0, 0, 0, 0, 1, 0, 0, 0, 0, 0, 0, 0, 0, 0, 0, 0, 0, 0, 0, 1, 0, 0, 0, 0, 0, 0, 0, 0, 0, 0, 0, 0, 0, 0, 0, 0, 0, 0, 0, 1, 0, 0, 0, 0, 0, 0, 0, 0, 0, 0, 0, 0, 0, 0, 0, 0, 0, 0, 1, 0]
PARALLEL_STREAM: [3, 2, 9, 9, 1, 0, 0, 1, 0, 1, 0, 1, 0, 1, 1, 2, 0, 1, 0, 0, 0, 0, 0, 0, 0, 0, 1, 0, 0, 0, 0, 0, 0, 0, 0, 0, 0, 1, 0, 0, 0, 0, 0, 0, 0, 0, 0, 1, 0, 0, 0, 0, 0, 0, 0, 0, 0, 0, 1, 0, 0, 0, 0, 1, 1, 0, 0, 0, 0, 1, 0, 0, 2, 0, 1, 0, 0, 0, 1, 0, 0, 0, 1, 0, 1, 0, 0, 0, 0, 1, 0, 0, 0, 0, 0, 0, 0, 0, 0, 0]
STREAM_COLLECT: [2, 0, 0, 0, 0, 1, 0, 0, 0, 0, 0, 0, 0, 0, 1, 0, 1, 0, 0, 0, 1, 1, 0, 0, 0, 0, 0, 0, 0, 1, 0, 0, 1, 0, 0, 0, 0, 1, 0, 1, 0, 0, 0, 0, 0, 0, 0, 0, 0, 0, 0, 0, 0, 0, 0, 0, 0, 0, 0, 0, 0, 0, 0, 0, 0, 0, 0, 0, 0, 0, 0, 0, 0, 0, 0, 0, 0, 1, 0, 0, 0, 0, 0, 0, 0, 0, 0, 0, 0, 0, 0, 0, 0, 0, 1, 0, 0, 0, 0, 0]
FOR_LOOP: [2, 3, 1, 0, 0, 0, 0, 0, 0, 0, 0, 0, 0, 0, 0, 0, 0, 0, 1, 0, 0, 1, 0, 0, 0, 0, 0, 0, 0, 0, 0, 1, 0, 0, 1, 0, 0, 0, 0, 0, 0, 0, 0, 0, 0, 0, 0, 0, 0, 0, 0, 0, 0, 0, 0, 0, 0, 0, 0, 0, 0, 0, 0, 0, 0, 0, 0, 0, 0, 0, 0, 0, 0, 0, 0, 0, 0, 0, 0, 0, 0, 0, 0, 0, 0, 0, 0, 0, 0, 0, 1, 0, 0, 0, 0, 0, 0, 0, 0, 0]
WHILE_LOOP: [2, 2, 2, 0, 0, 0, 0, 1, 0, 1, 1, 0, 0, 0, 0, 0, 0, 0, 1, 0, 0, 0, 0, 0, 0, 0, 0, 1, 0, 0, 0, 1, 0, 0, 0, 0, 0, 0, 0, 0, 1, 0, 1, 0, 0, 0, 1, 0, 1, 0, 1, 0, 0, 0, 0, 0, 1, 0, 1, 1, 0, 0, 0, 1, 0, 0, 0, 0, 1, 0, 0, 0, 0, 0, 0, 0, 0, 0, 0, 0, 0, 0, 0, 0, 0, 0, 0, 0, 0, 0, 0, 0, 0, 0, 0, 0, 0, 0, 0, 0]
FOREACH: [5, 1, 0, 0, 0, 0, 0, 0, 0, 1, 0, 0, 0, 0, 0, 0, 0, 0, 0, 0, 0, 1, 1, 0, 0, 0, 1, 0, 0, 0, 0, 0, 1, 0, 0, 0, 0, 1, 0, 0, 1, 0, 0, 0, 0, 1, 1, 0, 0, 1, 0, 0, 0, 1, 1, 0, 0, 0, 0, 1, 0, 0, 0, 0, 1, 0, 0, 0, 0, 0, 0, 1, 0, 0, 0, 0, 0, 0, 0, 1, 0, 0, 1, 1, 0, 0, 1, 1, 0, 0, 0, 1, 1, 0, 0, 0, 0, 0, 0, 1]
STREAM_MAPTOLONG: [4, 0, 0, 0, 0, 0, 0, 0, 0, 1, 0, 1, 0, 0, 0, 0, 0, 0, 0, 0, 0, 0, 0, 0, 0, 0, 0, 1, 0, 0, 0, 0, 0, 0, 0, 0, 0, 0, 0, 0, 0, 0, 0, 0, 0, 0, 0, 0, 0, 0, 0, 0, 0, 0, 1, 0, 0, 0, 0, 0, 0, 0, 1, 0, 0, 0, 0, 0, 0, 1, 0, 0, 0, 0, 0, 0, 0, 0, 0, 0, 0, 0, 0, 0, 0, 0, 0, 0, 0, 0, 1, 0, 0, 0, 1, 0, 0, 0, 1, 0]
ITERATOR: [2, 2, 1, 2, 1, 0, 0, 0, 0, 0, 0, 0, 0, 0, 0, 0, 0, 0, 0, 0, 0, 0, 0, 0, 0, 0, 0, 0, 0, 0, 0, 0, 0, 0, 0, 0, 0, 1, 0, 0, 0, 0, 0, 0, 0, 0, 0, 0, 0, 0, 0, 0, 0, 0, 0, 0, 0, 0, 0, 0, 0, 0, 0, 0, 0, 0, 0, 0, 0, 0, 0, 0, 0, 0, 0, 0, 0, 1, 0, 0, 0, 0, 1, 0, 0, 0, 0, 0, 0, 0, 0, 0, 0, 0, 0, 0, 0, 0, 0, 0]


Classified measurements per deviation per algorithm:
INDEXED_FOR: {MORE_THAN_TWO_STANDARD_DEVIATIONS=[2, 3, 3, 3, 2, 2], MORE_THAN_ONE_STANDARD_DEVIATION=[1, 1, 1, 1, 1, 1], LESS_THAN_ONE_STANDARD_DEVIATION=[0, 0, 0, 0, 0, 0, 0, 0, 0, 0, 0, 0, 0, 0, 0, 0, 0, 0, 0, 0, 0, 0, 0, 0, 0, 0, 0, 0, 0, 0, 0, 0, 0, 0, 0, 0, 0, 0, 0, 0, 0, 0, 0, 0, 0, 0, 0, 0, 0, 0, 0, 0, 0, 0, 0, 0, 0, 0, 0, 0, 0, 0, 0, 0, 0, 0, 0, 0, 0, 0, 0, 0, 0, 0, 0, 0, 0, 0, 0, 0, 0, 0, 0, 0, 0, 0, 0, 0]}
STREAM_REDUCE: {MORE_THAN_TWO_STANDARD_DEVIATIONS=[3, 1, 1, 1, 1, 1, 1, 1, 1, 1, 1, 1], LESS_THAN_ONE_STANDARD_DEVIATION=[0, 0, 0, 0, 0, 0, 0, 0, 0, 0, 0, 0, 0, 0, 0, 0, 0, 0, 0, 0, 0, 0, 0, 0, 0, 0, 0, 0, 0, 0, 0, 0, 0, 0, 0, 0, 0, 0, 0, 0, 0, 0, 0, 0, 0, 0, 0, 0, 0, 0, 0, 0, 0, 0, 0, 0, 0, 0, 0, 0, 0, 0, 0, 0, 0, 0, 0, 0, 0, 0, 0, 0, 0, 0, 0, 0, 0, 0, 0, 0, 0, 0, 0, 0, 0, 0, 0, 0]}
PARALLEL_STREAM: {MORE_THAN_TWO_STANDARD_DEVIATIONS=[3, 9, 9], MORE_THAN_ONE_STANDARD_DEVIATION=[2, 2, 2], LESS_THAN_ONE_STANDARD_DEVIATION=[1, 0, 0, 1, 0, 1, 0, 1, 0, 1, 1, 0, 1, 0, 0, 0, 0, 0, 0, 0, 0, 1, 0, 0, 0, 0, 0, 0, 0, 0, 0, 0, 1, 0, 0, 0, 0, 0, 0, 0, 0, 0, 1, 0, 0, 0, 0, 0, 0, 0, 0, 0, 0, 1, 0, 0, 0, 0, 1, 1, 0, 0, 0, 0, 1, 0, 0, 0, 1, 0, 0, 0, 1, 0, 0, 0, 1, 0, 1, 0, 0, 0, 0, 1, 0, 0, 0, 0, 0, 0, 0, 0, 0, 0]}
STREAM_COLLECT: {MORE_THAN_TWO_STANDARD_DEVIATIONS=[2, 1, 1, 1, 1, 1, 1, 1, 1, 1, 1, 1], LESS_THAN_ONE_STANDARD_DEVIATION=[0, 0, 0, 0, 0, 0, 0, 0, 0, 0, 0, 0, 0, 0, 0, 0, 0, 0, 0, 0, 0, 0, 0, 0, 0, 0, 0, 0, 0, 0, 0, 0, 0, 0, 0, 0, 0, 0, 0, 0, 0, 0, 0, 0, 0, 0, 0, 0, 0, 0, 0, 0, 0, 0, 0, 0, 0, 0, 0, 0, 0, 0, 0, 0, 0, 0, 0, 0, 0, 0, 0, 0, 0, 0, 0, 0, 0, 0, 0, 0, 0, 0, 0, 0, 0, 0, 0, 0]}
FOR_LOOP: {MORE_THAN_TWO_STANDARD_DEVIATIONS=[2, 3, 1, 1, 1, 1, 1, 1], LESS_THAN_ONE_STANDARD_DEVIATION=[0, 0, 0, 0, 0, 0, 0, 0, 0, 0, 0, 0, 0, 0, 0, 0, 0, 0, 0, 0, 0, 0, 0, 0, 0, 0, 0, 0, 0, 0, 0, 0, 0, 0, 0, 0, 0, 0, 0, 0, 0, 0, 0, 0, 0, 0, 0, 0, 0, 0, 0, 0, 0, 0, 0, 0, 0, 0, 0, 0, 0, 0, 0, 0, 0, 0, 0, 0, 0, 0, 0, 0, 0, 0, 0, 0, 0, 0, 0, 0, 0, 0, 0, 0, 0, 0, 0, 0, 0, 0, 0, 0]}
WHILE_LOOP: {MORE_THAN_TWO_STANDARD_DEVIATIONS=[2, 2, 2], MORE_THAN_ONE_STANDARD_DEVIATION=[1, 1, 1, 1, 1, 1, 1, 1, 1, 1, 1, 1, 1, 1, 1, 1], LESS_THAN_ONE_STANDARD_DEVIATION=[0, 0, 0, 0, 0, 0, 0, 0, 0, 0, 0, 0, 0, 0, 0, 0, 0, 0, 0, 0, 0, 0, 0, 0, 0, 0, 0, 0, 0, 0, 0, 0, 0, 0, 0, 0, 0, 0, 0, 0, 0, 0, 0, 0, 0, 0, 0, 0, 0, 0, 0, 0, 0, 0, 0, 0, 0, 0, 0, 0, 0, 0, 0, 0, 0, 0, 0, 0, 0, 0, 0, 0, 0, 0, 0, 0, 0, 0, 0, 0, 0]}
FOREACH: {MORE_THAN_TWO_STANDARD_DEVIATIONS=[5], MORE_THAN_ONE_STANDARD_DEVIATION=[1, 1, 1, 1, 1, 1, 1, 1, 1, 1, 1, 1, 1, 1, 1, 1, 1, 1, 1, 1, 1, 1, 1, 1], LESS_THAN_ONE_STANDARD_DEVIATION=[0, 0, 0, 0, 0, 0, 0, 0, 0, 0, 0, 0, 0, 0, 0, 0, 0, 0, 0, 0, 0, 0, 0, 0, 0, 0, 0, 0, 0, 0, 0, 0, 0, 0, 0, 0, 0, 0, 0, 0, 0, 0, 0, 0, 0, 0, 0, 0, 0, 0, 0, 0, 0, 0, 0, 0, 0, 0, 0, 0, 0, 0, 0, 0, 0, 0, 0, 0, 0, 0, 0, 0, 0, 0, 0]}
STREAM_MAPTOLONG: {MORE_THAN_TWO_STANDARD_DEVIATIONS=[4, 1, 1, 1, 1, 1, 1, 1, 1, 1], LESS_THAN_ONE_STANDARD_DEVIATION=[0, 0, 0, 0, 0, 0, 0, 0, 0, 0, 0, 0, 0, 0, 0, 0, 0, 0, 0, 0, 0, 0, 0, 0, 0, 0, 0, 0, 0, 0, 0, 0, 0, 0, 0, 0, 0, 0, 0, 0, 0, 0, 0, 0, 0, 0, 0, 0, 0, 0, 0, 0, 0, 0, 0, 0, 0, 0, 0, 0, 0, 0, 0, 0, 0, 0, 0, 0, 0, 0, 0, 0, 0, 0, 0, 0, 0, 0, 0, 0, 0, 0, 0, 0, 0, 0, 0, 0, 0, 0]}
ITERATOR: {MORE_THAN_TWO_STANDARD_DEVIATIONS=[2, 2, 1, 2, 1, 1, 1, 1], LESS_THAN_ONE_STANDARD_DEVIATION=[0, 0, 0, 0, 0, 0, 0, 0, 0, 0, 0, 0, 0, 0, 0, 0, 0, 0, 0, 0, 0, 0, 0, 0, 0, 0, 0, 0, 0, 0, 0, 0, 0, 0, 0, 0, 0, 0, 0, 0, 0, 0, 0, 0, 0, 0, 0, 0, 0, 0, 0, 0, 0, 0, 0, 0, 0, 0, 0, 0, 0, 0, 0, 0, 0, 0, 0, 0, 0, 0, 0, 0, 0, 0, 0, 0, 0, 0, 0, 0, 0, 0, 0, 0, 0, 0, 0, 0, 0, 0, 0, 0]}
-----------------
ResultSet for list size: 1000


Average per algorithm:
INDEXED_FOR: 0.0
STREAM_REDUCE: 0.02040816326530612
PARALLEL_STREAM: 0.09183673469387756
STREAM_COLLECT: 0.01020408163265306
FOR_LOOP: 0.0
WHILE_LOOP: 0.02040816326530612
FOREACH: 0.01020408163265306
STREAM_MAPTOLONG: 0.01020408163265306
ITERATOR: 0.01020408163265306


Standard deviation per algorithm:
INDEXED_FOR: 0.0
STREAM_REDUCE: 0.14139190265868384
PARALLEL_STREAM: 0.28879534077724295
STREAM_COLLECT: 0.10049854899791943
FOR_LOOP: 0.0
WHILE_LOOP: 0.14139190265868384
FOREACH: 0.10049854899791943
STREAM_MAPTOLONG: 0.10049854899791943
ITERATOR: 0.10049854899791943


Measurements per algorithm:
INDEXED_FOR: [0, 1, 0, 0, 0, 0, 0, 0, 0, 0, 0, 0, 0, 0, 0, 0, 0, 0, 0, 0, 0, 0, 0, 0, 0, 0, 0, 0, 0, 0, 0, 0, 0, 0, 0, 0, 0, 0, 0, 0, 0, 0, 0, 0, 0, 0, 0, 0, 0, 0, 0, 0, 0, 0, 0, 0, 0, 0, 0, 0, 0, 0, 0, 0, 0, 0, 0, 0, 0, 0, 0, 0, 0, 0, 0, 0, 0, 0, 0, 0, 0, 0, 0, 0, 0, 0, 0, 0, 0, 0, 0, 0, 0, 0, 0, 0, 0, 0, 0, 0]
STREAM_REDUCE: [1, 0, 0, 0, 0, 0, 0, 0, 0, 0, 0, 1, 0, 0, 0, 0, 0, 0, 0, 0, 0, 0, 0, 0, 0, 0, 0, 0, 0, 0, 0, 0, 0, 0, 0, 0, 0, 0, 0, 0, 0, 0, 0, 0, 1, 0, 0, 0, 0, 0, 0, 0, 0, 0, 0, 0, 0, 0, 0, 0, 0, 0, 0, 0, 0, 0, 0, 0, 0, 0, 0, 0, 0, 0, 0, 0, 0, 0, 0, 0, 0, 0, 0, 0, 0, 0, 0, 0, 0, 0, 0, 0, 0, 0, 0, 0, 0, 0, 0, 0]
PARALLEL_STREAM: [1, 0, 1, 0, 0, 0, 0, 1, 0, 1, 0, 1, 0, 0, 0, 0, 0, 1, 0, 0, 0, 0, 0, 0, 0, 0, 0, 0, 0, 0, 0, 0, 0, 0, 0, 0, 0, 0, 0, 0, 0, 0, 0, 0, 0, 0, 0, 0, 0, 0, 0, 0, 0, 0, 0, 0, 0, 0, 0, 0, 0, 0, 0, 0, 3, 1, 0, 0, 0, 0, 0, 0, 0, 0, 0, 0, 0, 0, 0, 0, 0, 0, 1, 0, 0, 0, 0, 0, 1, 0, 0, 0, 0, 0, 0, 0, 0, 0, 0, 0]
STREAM_COLLECT: [1, 0, 0, 0, 0, 0, 0, 0, 0, 0, 0, 0, 0, 0, 0, 0, 1, 0, 0, 0, 0, 0, 0, 0, 0, 0, 0, 0, 0, 0, 0, 0, 0, 0, 0, 0, 0, 0, 0, 0, 0, 0, 0, 0, 0, 0, 0, 0, 0, 0, 0, 0, 0, 0, 0, 0, 0, 0, 0, 0, 0, 0, 0, 0, 0, 0, 0, 0, 0, 0, 0, 0, 0, 0, 0, 0, 0, 0, 0, 0, 0, 0, 0, 0, 0, 0, 0, 0, 0, 0, 0, 0, 0, 0, 0, 0, 0, 0, 0, 0]
FOR_LOOP: [0, 0, 0, 0, 0, 0, 0, 0, 0, 0, 0, 0, 0, 0, 0, 0, 0, 0, 0, 0, 0, 0, 0, 0, 0, 0, 0, 0, 0, 0, 0, 0, 0, 0, 0, 0, 0, 0, 0, 0, 0, 0, 0, 0, 0, 0, 0, 0, 0, 0, 0, 0, 0, 0, 0, 0, 0, 0, 0, 0, 0, 0, 0, 0, 0, 0, 0, 0, 0, 0, 0, 0, 0, 0, 0, 0, 0, 0, 0, 0, 0, 0, 0, 0, 0, 0, 0, 0, 0, 0, 0, 0, 0, 0, 0, 0, 0, 0, 0, 0]
WHILE_LOOP: [1, 0, 0, 0, 0, 0, 0, 0, 0, 0, 0, 0, 0, 0, 0, 0, 0, 0, 0, 0, 0, 0, 0, 0, 0, 0, 0, 0, 0, 0, 0, 0, 0, 0, 0, 0, 0, 0, 0, 0, 1, 0, 1, 0, 0, 0, 0, 0, 0, 0, 0, 0, 0, 0, 0, 0, 0, 0, 0, 0, 0, 0, 0, 0, 0, 0, 0, 0, 0, 0, 0, 0, 0, 0, 0, 0, 0, 0, 0, 0, 0, 0, 0, 0, 0, 0, 0, 0, 0, 0, 0, 0, 0, 0, 0, 0, 0, 0, 0, 0]
FOREACH: [1, 0, 0, 0, 0, 0, 0, 0, 0, 0, 0, 0, 0, 0, 0, 0, 0, 0, 0, 0, 0, 0, 0, 0, 0, 0, 1, 0, 0, 0, 0, 0, 0, 0, 0, 0, 0, 0, 0, 0, 0, 0, 0, 0, 0, 0, 0, 0, 0, 0, 0, 0, 0, 0, 0, 0, 0, 0, 0, 0, 0, 0, 0, 0, 0, 0, 0, 0, 0, 0, 0, 0, 0, 0, 0, 0, 0, 0, 0, 0, 0, 0, 0, 0, 0, 0, 0, 0, 0, 0, 0, 0, 0, 0, 0, 0, 0, 0, 0, 0]
STREAM_MAPTOLONG: [2, 0, 0, 0, 0, 0, 0, 0, 0, 0, 0, 0, 0, 0, 0, 0, 0, 0, 0, 0, 0, 0, 0, 0, 0, 0, 0, 0, 0, 0, 0, 0, 0, 0, 0, 0, 0, 0, 0, 0, 0, 0, 0, 0, 0, 0, 0, 0, 0, 0, 0, 0, 0, 0, 0, 0, 0, 0, 0, 0, 0, 0, 1, 0, 0, 0, 0, 0, 0, 0, 0, 0, 0, 0, 0, 0, 0, 0, 0, 0, 0, 0, 0, 0, 0, 0, 0, 0, 0, 0, 0, 0, 0, 0, 0, 0, 0, 0, 0, 0]
ITERATOR: [0, 0, 0, 0, 1, 0, 0, 0, 0, 0, 0, 0, 0, 0, 0, 0, 0, 0, 0, 0, 0, 0, 0, 0, 0, 0, 0, 0, 0, 0, 0, 0, 0, 0, 0, 0, 0, 1, 0, 0, 0, 0, 0, 0, 0, 0, 0, 0, 0, 0, 0, 0, 0, 0, 0, 0, 0, 0, 0, 0, 0, 0, 0, 0, 0, 0, 0, 0, 0, 0, 0, 0, 0, 0, 0, 0, 0, 0, 0, 0, 0, 0, 0, 0, 0, 0, 0, 0, 0, 0, 0, 0, 0, 0, 0, 0, 0, 0, 0, 0]


Classified measurements per deviation per algorithm:
INDEXED_FOR: {MORE_THAN_TWO_STANDARD_DEVIATIONS=[1], LESS_THAN_ONE_STANDARD_DEVIATION=[0, 0, 0, 0, 0, 0, 0, 0, 0, 0, 0, 0, 0, 0, 0, 0, 0, 0, 0, 0, 0, 0, 0, 0, 0, 0, 0, 0, 0, 0, 0, 0, 0, 0, 0, 0, 0, 0, 0, 0, 0, 0, 0, 0, 0, 0, 0, 0, 0, 0, 0, 0, 0, 0, 0, 0, 0, 0, 0, 0, 0, 0, 0, 0, 0, 0, 0, 0, 0, 0, 0, 0, 0, 0, 0, 0, 0, 0, 0, 0, 0, 0, 0, 0, 0, 0, 0, 0, 0, 0, 0, 0, 0, 0, 0, 0, 0, 0, 0]}
STREAM_REDUCE: {MORE_THAN_TWO_STANDARD_DEVIATIONS=[1, 1, 1], LESS_THAN_ONE_STANDARD_DEVIATION=[0, 0, 0, 0, 0, 0, 0, 0, 0, 0, 0, 0, 0, 0, 0, 0, 0, 0, 0, 0, 0, 0, 0, 0, 0, 0, 0, 0, 0, 0, 0, 0, 0, 0, 0, 0, 0, 0, 0, 0, 0, 0, 0, 0, 0, 0, 0, 0, 0, 0, 0, 0, 0, 0, 0, 0, 0, 0, 0, 0, 0, 0, 0, 0, 0, 0, 0, 0, 0, 0, 0, 0, 0, 0, 0, 0, 0, 0, 0, 0, 0, 0, 0, 0, 0, 0, 0, 0, 0, 0, 0, 0, 0, 0, 0, 0, 0]}
PARALLEL_STREAM: {MORE_THAN_TWO_STANDARD_DEVIATIONS=[1, 1, 1, 1, 1, 1, 3, 1, 1, 1], LESS_THAN_ONE_STANDARD_DEVIATION=[0, 0, 0, 0, 0, 0, 0, 0, 0, 0, 0, 0, 0, 0, 0, 0, 0, 0, 0, 0, 0, 0, 0, 0, 0, 0, 0, 0, 0, 0, 0, 0, 0, 0, 0, 0, 0, 0, 0, 0, 0, 0, 0, 0, 0, 0, 0, 0, 0, 0, 0, 0, 0, 0, 0, 0, 0, 0, 0, 0, 0, 0, 0, 0, 0, 0, 0, 0, 0, 0, 0, 0, 0, 0, 0, 0, 0, 0, 0, 0, 0, 0, 0, 0, 0, 0, 0, 0, 0, 0]}
STREAM_COLLECT: {MORE_THAN_TWO_STANDARD_DEVIATIONS=[1, 1], LESS_THAN_ONE_STANDARD_DEVIATION=[0, 0, 0, 0, 0, 0, 0, 0, 0, 0, 0, 0, 0, 0, 0, 0, 0, 0, 0, 0, 0, 0, 0, 0, 0, 0, 0, 0, 0, 0, 0, 0, 0, 0, 0, 0, 0, 0, 0, 0, 0, 0, 0, 0, 0, 0, 0, 0, 0, 0, 0, 0, 0, 0, 0, 0, 0, 0, 0, 0, 0, 0, 0, 0, 0, 0, 0, 0, 0, 0, 0, 0, 0, 0, 0, 0, 0, 0, 0, 0, 0, 0, 0, 0, 0, 0, 0, 0, 0, 0, 0, 0, 0, 0, 0, 0, 0, 0]}
FOR_LOOP: {LESS_THAN_ONE_STANDARD_DEVIATION=[0, 0, 0, 0, 0, 0, 0, 0, 0, 0, 0, 0, 0, 0, 0, 0, 0, 0, 0, 0, 0, 0, 0, 0, 0, 0, 0, 0, 0, 0, 0, 0, 0, 0, 0, 0, 0, 0, 0, 0, 0, 0, 0, 0, 0, 0, 0, 0, 0, 0, 0, 0, 0, 0, 0, 0, 0, 0, 0, 0, 0, 0, 0, 0, 0, 0, 0, 0, 0, 0, 0, 0, 0, 0, 0, 0, 0, 0, 0, 0, 0, 0, 0, 0, 0, 0, 0, 0, 0, 0, 0, 0, 0, 0, 0, 0, 0, 0, 0, 0]}
WHILE_LOOP: {MORE_THAN_TWO_STANDARD_DEVIATIONS=[1, 1, 1], LESS_THAN_ONE_STANDARD_DEVIATION=[0, 0, 0, 0, 0, 0, 0, 0, 0, 0, 0, 0, 0, 0, 0, 0, 0, 0, 0, 0, 0, 0, 0, 0, 0, 0, 0, 0, 0, 0, 0, 0, 0, 0, 0, 0, 0, 0, 0, 0, 0, 0, 0, 0, 0, 0, 0, 0, 0, 0, 0, 0, 0, 0, 0, 0, 0, 0, 0, 0, 0, 0, 0, 0, 0, 0, 0, 0, 0, 0, 0, 0, 0, 0, 0, 0, 0, 0, 0, 0, 0, 0, 0, 0, 0, 0, 0, 0, 0, 0, 0, 0, 0, 0, 0, 0, 0]}
FOREACH: {MORE_THAN_TWO_STANDARD_DEVIATIONS=[1, 1], LESS_THAN_ONE_STANDARD_DEVIATION=[0, 0, 0, 0, 0, 0, 0, 0, 0, 0, 0, 0, 0, 0, 0, 0, 0, 0, 0, 0, 0, 0, 0, 0, 0, 0, 0, 0, 0, 0, 0, 0, 0, 0, 0, 0, 0, 0, 0, 0, 0, 0, 0, 0, 0, 0, 0, 0, 0, 0, 0, 0, 0, 0, 0, 0, 0, 0, 0, 0, 0, 0, 0, 0, 0, 0, 0, 0, 0, 0, 0, 0, 0, 0, 0, 0, 0, 0, 0, 0, 0, 0, 0, 0, 0, 0, 0, 0, 0, 0, 0, 0, 0, 0, 0, 0, 0, 0]}
STREAM_MAPTOLONG: {MORE_THAN_TWO_STANDARD_DEVIATIONS=[2, 1], LESS_THAN_ONE_STANDARD_DEVIATION=[0, 0, 0, 0, 0, 0, 0, 0, 0, 0, 0, 0, 0, 0, 0, 0, 0, 0, 0, 0, 0, 0, 0, 0, 0, 0, 0, 0, 0, 0, 0, 0, 0, 0, 0, 0, 0, 0, 0, 0, 0, 0, 0, 0, 0, 0, 0, 0, 0, 0, 0, 0, 0, 0, 0, 0, 0, 0, 0, 0, 0, 0, 0, 0, 0, 0, 0, 0, 0, 0, 0, 0, 0, 0, 0, 0, 0, 0, 0, 0, 0, 0, 0, 0, 0, 0, 0, 0, 0, 0, 0, 0, 0, 0, 0, 0, 0, 0]}
ITERATOR: {MORE_THAN_TWO_STANDARD_DEVIATIONS=[1, 1], LESS_THAN_ONE_STANDARD_DEVIATION=[0, 0, 0, 0, 0, 0, 0, 0, 0, 0, 0, 0, 0, 0, 0, 0, 0, 0, 0, 0, 0, 0, 0, 0, 0, 0, 0, 0, 0, 0, 0, 0, 0, 0, 0, 0, 0, 0, 0, 0, 0, 0, 0, 0, 0, 0, 0, 0, 0, 0, 0, 0, 0, 0, 0, 0, 0, 0, 0, 0, 0, 0, 0, 0, 0, 0, 0, 0, 0, 0, 0, 0, 0, 0, 0, 0, 0, 0, 0, 0, 0, 0, 0, 0, 0, 0, 0, 0, 0, 0, 0, 0, 0, 0, 0, 0, 0, 0]}
-----------------
ResultSet for list size: 1000000


Average per algorithm:
INDEXED_FOR: 4.316326530612245
STREAM_REDUCE: 6.530612244897959
PARALLEL_STREAM: 3.2244897959183674
STREAM_COLLECT: 9.53061224489796
FOR_LOOP: 3.86734693877551
WHILE_LOOP: 10.714285714285714
FOREACH: 13.622448979591837
STREAM_MAPTOLONG: 6.479591836734694
ITERATOR: 3.877551020408163


Standard deviation per algorithm:
INDEXED_FOR: 4.294269885855037
STREAM_REDUCE: 0.6578269984198448
PARALLEL_STREAM: 6.880215071752434
STREAM_COLLECT: 0.7851177168029121
FOR_LOOP: 1.4402221703756852
WHILE_LOOP: 9.50724750398562
FOREACH: 1.1650988056764775
STREAM_MAPTOLONG: 0.6099446585256513
ITERATOR: 1.032782116643265


Measurements per algorithm:
INDEXED_FOR: [29, 30, 26, 29, 10, 4, 3, 4, 4, 4, 4, 4, 3, 3, 3, 3, 3, 3, 3, 3, 3, 3, 3, 3, 3, 3, 4, 4, 3, 3, 3, 3, 3, 4, 3, 3, 3, 4, 4, 4, 4, 4, 4, 3, 4, 4, 4, 3, 3, 4, 4, 4, 4, 3, 3, 3, 4, 4, 4, 3, 3, 4, 3, 4, 4, 3, 4, 4, 4, 4, 4, 3, 3, 4, 4, 4, 4, 4, 4, 3, 4, 4, 4, 3, 3, 3, 3, 3, 3, 4, 4, 3, 4, 4, 4, 3, 3, 3, 3, 3]
STREAM_REDUCE: [15, 6, 6, 6, 6, 6, 6, 6, 6, 6, 7, 7, 6, 6, 6, 6, 7, 6, 7, 7, 7, 7, 7, 6, 7, 7, 8, 8, 7, 8, 7, 7, 7, 8, 8, 7, 8, 7, 7, 8, 7, 6, 6, 6, 7, 7, 6, 6, 6, 6, 6, 6, 6, 6, 6, 6, 6, 6, 6, 7, 6, 6, 7, 7, 6, 7, 6, 6, 6, 6, 6, 6, 6, 6, 7, 6, 6, 6, 6, 7, 6, 6, 6, 6, 6, 6, 7, 7, 6, 6, 6, 6, 7, 8, 7, 7, 7, 7, 7, 8]
PARALLEL_STREAM: [49, 50, 51, 18, 3, 2, 3, 2, 2, 2, 2, 2, 2, 3, 2, 2, 2, 2, 2, 2, 2, 2, 2, 1, 2, 2, 2, 2, 2, 2, 3, 2, 2, 2, 2, 2, 2, 4, 2, 2, 2, 2, 2, 2, 2, 2, 2, 2, 2, 2, 2, 3, 2, 2, 2, 2, 2, 2, 2, 2, 2, 2, 2, 2, 3, 3, 2, 2, 2, 2, 2, 3, 2, 3, 2, 1, 2, 2, 2, 2, 2, 2, 1, 2, 2, 2, 2, 3, 2, 2, 2, 2, 2, 2, 2, 2, 2, 1, 2, 2]
STREAM_COLLECT: [11, 9, 9, 9, 10, 10, 9, 9, 9, 9, 9, 9, 10, 9, 10, 10, 9, 10, 9, 10, 11, 11, 10, 11, 9, 9, 9, 10, 11, 11, 10, 9, 10, 9, 10, 10, 10, 10, 10, 10, 10, 12, 11, 9, 9, 9, 10, 9, 9, 9, 10, 9, 10, 9, 10, 9, 9, 9, 9, 9, 10, 9, 10, 9, 9, 9, 9, 9, 10, 9, 10, 10, 9, 8, 10, 9, 11, 11, 11, 9, 10, 9, 8, 9, 9, 9, 9, 8, 9, 8, 9, 8, 9, 9, 13, 9, 10, 11, 9, 10]
FOR_LOOP: [17, 23, 4, 3, 3, 4, 3, 3, 3, 3, 4, 3, 3, 3, 3, 4, 3, 3, 4, 4, 5, 4, 4, 3, 3, 3, 3, 3, 3, 4, 4, 3, 4, 4, 4, 4, 4, 4, 5, 4, 4, 4, 4, 4, 3, 4, 4, 4, 4, 4, 4, 4, 4, 4, 4, 5, 5, 4, 4, 4, 4, 4, 4, 4, 4, 3, 4, 4, 4, 4, 4, 4, 4, 4, 4, 4, 4, 4, 3, 3, 4, 4, 4, 4, 3, 3, 4, 4, 3, 3, 4, 3, 4, 5, 4, 4, 3, 3, 3, 3]
WHILE_LOOP: [23, 49, 5, 27, 4, 4, 4, 14, 14, 15, 14, 14, 14, 14, 14, 10, 3, 3, 3, 3, 3, 3, 3, 3, 4, 3, 4, 5, 3, 3, 3, 3, 4, 4, 4, 4, 4, 4, 8, 17, 18, 17, 18, 17, 15, 15, 15, 14, 18, 66, 15, 75, 17, 18, 17, 17, 17, 16, 17, 19, 20, 18, 18, 19, 18, 17, 16, 17, 17, 17, 18, 15, 15, 14, 14, 5, 3, 3, 3, 4, 3, 3, 3, 3, 4, 4, 3, 4, 4, 4, 4, 4, 4, 5, 4, 3, 5, 5, 3, 4]
FOREACH: [22, 14, 14, 14, 14, 13, 14, 15, 13, 15, 16, 19, 16, 16, 14, 13, 13, 13, 13, 12, 13, 12, 13, 13, 13, 13, 12, 13, 13, 13, 13, 13, 13, 13, 13, 13, 13, 14, 13, 12, 13, 14, 14, 13, 15, 15, 15, 17, 15, 16, 14, 13, 13, 14, 14, 13, 13, 13, 12, 13, 13, 13, 13, 13, 13, 13, 13, 13, 13, 13, 13, 14, 13, 13, 13, 13, 14, 14, 13, 14, 13, 14, 16, 16, 17, 14, 14, 14, 13, 13, 13, 14, 13, 13, 13, 13, 13, 13, 13, 13]
STREAM_MAPTOLONG: [10, 7, 8, 8, 8, 7, 7, 8, 7, 7, 6, 7, 7, 6, 6, 6, 7, 6, 6, 6, 7, 7, 6, 6, 7, 6, 6, 7, 6, 6, 6, 7, 6, 6, 6, 7, 6, 6, 7, 7, 6, 6, 7, 6, 6, 6, 6, 6, 7, 6, 6, 6, 6, 7, 7, 7, 6, 6, 6, 6, 6, 6, 6, 6, 7, 6, 7, 6, 6, 7, 6, 7, 7, 7, 7, 8, 8, 7, 6, 6, 6, 7, 7, 6, 6, 6, 6, 7, 7, 6, 7, 6, 6, 6, 6, 6, 6, 6, 7, 6]
ITERATOR: [27, 12, 5, 6, 5, 4, 4, 4, 4, 4, 3, 3, 4, 4, 5, 4, 3, 4, 5, 4, 4, 4, 3, 3, 3, 3, 4, 4, 4, 4, 3, 3, 4, 3, 3, 3, 3, 4, 3, 3, 3, 3, 3, 3, 3, 3, 4, 4, 3, 3, 4, 4, 4, 4, 4, 5, 4, 4, 4, 4, 4, 4, 4, 4, 4, 4, 5, 4, 4, 4, 4, 3, 4, 4, 4, 4, 4, 5, 4, 4, 4, 4, 4, 4, 4, 4, 4, 3, 4, 4, 4, 5, 4, 4, 3, 3, 3, 3, 3, 3]


Classified measurements per deviation per algorithm:
INDEXED_FOR: {MORE_THAN_TWO_STANDARD_DEVIATIONS=[29, 30, 26, 29], MORE_THAN_ONE_STANDARD_DEVIATION=[10], LESS_THAN_ONE_STANDARD_DEVIATION=[4, 3, 4, 4, 4, 4, 4, 3, 3, 3, 3, 3, 3, 3, 3, 3, 3, 3, 3, 3, 3, 4, 4, 3, 3, 3, 3, 3, 4, 3, 3, 3, 4, 4, 4, 4, 4, 4, 3, 4, 4, 4, 3, 3, 4, 4, 4, 4, 3, 3, 3, 4, 4, 4, 3, 3, 4, 3, 4, 4, 3, 4, 4, 4, 4, 4, 3, 3, 4, 4, 4, 4, 4, 4, 3, 4, 4, 4, 3, 3, 3, 3, 3, 3, 4, 4, 3, 4, 4, 4, 3, 3, 3, 3, 3]}
STREAM_REDUCE: {MORE_THAN_TWO_STANDARD_DEVIATIONS=[15, 8, 8, 8, 8, 8, 8, 8, 8, 8], LESS_THAN_ONE_STANDARD_DEVIATION=[6, 6, 6, 6, 6, 6, 6, 6, 6, 7, 7, 6, 6, 6, 6, 7, 6, 7, 7, 7, 7, 7, 6, 7, 7, 7, 7, 7, 7, 7, 7, 7, 7, 6, 6, 6, 7, 7, 6, 6, 6, 6, 6, 6, 6, 6, 6, 6, 6, 6, 6, 7, 6, 6, 7, 7, 6, 7, 6, 6, 6, 6, 6, 6, 6, 6, 7, 6, 6, 6, 6, 7, 6, 6, 6, 6, 6, 6, 7, 7, 6, 6, 6, 6, 7, 7, 7, 7, 7, 7]}
PARALLEL_STREAM: {MORE_THAN_TWO_STANDARD_DEVIATIONS=[49, 50, 51, 18], LESS_THAN_ONE_STANDARD_DEVIATION=[3, 2, 3, 2, 2, 2, 2, 2, 2, 3, 2, 2, 2, 2, 2, 2, 2, 2, 2, 1, 2, 2, 2, 2, 2, 2, 3, 2, 2, 2, 2, 2, 2, 4, 2, 2, 2, 2, 2, 2, 2, 2, 2, 2, 2, 2, 2, 3, 2, 2, 2, 2, 2, 2, 2, 2, 2, 2, 2, 2, 3, 3, 2, 2, 2, 2, 2, 3, 2, 3, 2, 1, 2, 2, 2, 2, 2, 2, 1, 2, 2, 2, 2, 3, 2, 2, 2, 2, 2, 2, 2, 2, 2, 1, 2, 2]}
STREAM_COLLECT: {MORE_THAN_TWO_STANDARD_DEVIATIONS=[12, 13], MORE_THAN_ONE_STANDARD_DEVIATION=[11, 11, 11, 11, 11, 11, 11, 8, 11, 11, 11, 8, 8, 8, 8, 11], LESS_THAN_ONE_STANDARD_DEVIATION=[9, 9, 9, 10, 10, 9, 9, 9, 9, 9, 9, 10, 9, 10, 10, 9, 10, 9, 10, 10, 9, 9, 9, 10, 10, 9, 10, 9, 10, 10, 10, 10, 10, 10, 10, 9, 9, 9, 10, 9, 9, 9, 10, 9, 10, 9, 10, 9, 9, 9, 9, 9, 10, 9, 10, 9, 9, 9, 9, 9, 10, 9, 10, 10, 9, 10, 9, 9, 10, 9, 9, 9, 9, 9, 9, 9, 9, 9, 9, 10, 9, 10]}
FOR_LOOP: {MORE_THAN_TWO_STANDARD_DEVIATIONS=[17, 23], LESS_THAN_ONE_STANDARD_DEVIATION=[4, 3, 3, 4, 3, 3, 3, 3, 4, 3, 3, 3, 3, 4, 3, 3, 4, 4, 5, 4, 4, 3, 3, 3, 3, 3, 3, 4, 4, 3, 4, 4, 4, 4, 4, 4, 5, 4, 4, 4, 4, 4, 3, 4, 4, 4, 4, 4, 4, 4, 4, 4, 4, 5, 5, 4, 4, 4, 4, 4, 4, 4, 4, 3, 4, 4, 4, 4, 4, 4, 4, 4, 4, 4, 4, 4, 3, 3, 4, 4, 4, 4, 3, 3, 4, 4, 3, 3, 4, 3, 4, 5, 4, 4, 3, 3, 3, 3]}
WHILE_LOOP: {MORE_THAN_TWO_STANDARD_DEVIATIONS=[49, 66, 75], MORE_THAN_ONE_STANDARD_DEVIATION=[23, 27], LESS_THAN_ONE_STANDARD_DEVIATION=[5, 4, 4, 4, 14, 14, 15, 14, 14, 14, 14, 14, 10, 3, 3, 3, 3, 3, 3, 3, 3, 4, 3, 4, 5, 3, 3, 3, 3, 4, 4, 4, 4, 4, 4, 8, 17, 18, 17, 18, 17, 15, 15, 15, 14, 18, 15, 17, 18, 17, 17, 17, 16, 17, 19, 20, 18, 18, 19, 18, 17, 16, 17, 17, 17, 18, 15, 15, 14, 14, 5, 3, 3, 3, 4, 3, 3, 3, 3, 4, 4, 3, 4, 4, 4, 4, 4, 4, 5, 4, 3, 5, 5, 3, 4]}
FOREACH: {MORE_THAN_TWO_STANDARD_DEVIATIONS=[22, 16, 19, 16, 16, 17, 16, 16, 16, 17], MORE_THAN_ONE_STANDARD_DEVIATION=[15, 15, 12, 12, 12, 12, 15, 15, 15, 15, 12], LESS_THAN_ONE_STANDARD_DEVIATION=[14, 14, 14, 14, 13, 14, 13, 14, 13, 13, 13, 13, 13, 13, 13, 13, 13, 13, 13, 13, 13, 13, 13, 13, 13, 13, 13, 14, 13, 13, 14, 14, 13, 14, 13, 13, 14, 14, 13, 13, 13, 13, 13, 13, 13, 13, 13, 13, 13, 13, 13, 13, 13, 14, 13, 13, 13, 13, 14, 14, 13, 14, 13, 14, 14, 14, 14, 13, 13, 13, 14, 13, 13, 13, 13, 13, 13, 13, 13]}
STREAM_MAPTOLONG: {MORE_THAN_TWO_STANDARD_DEVIATIONS=[10, 8, 8, 8, 8, 8, 8], LESS_THAN_ONE_STANDARD_DEVIATION=[7, 7, 7, 7, 7, 6, 7, 7, 6, 6, 6, 7, 6, 6, 6, 7, 7, 6, 6, 7, 6, 6, 7, 6, 6, 6, 7, 6, 6, 6, 7, 6, 6, 7, 7, 6, 6, 7, 6, 6, 6, 6, 6, 7, 6, 6, 6, 6, 7, 7, 7, 6, 6, 6, 6, 6, 6, 6, 6, 7, 6, 7, 6, 6, 7, 6, 7, 7, 7, 7, 7, 6, 6, 6, 7, 7, 6, 6, 6, 6, 7, 7, 6, 7, 6, 6, 6, 6, 6, 6, 6, 7, 6]}
ITERATOR: {MORE_THAN_TWO_STANDARD_DEVIATIONS=[27, 12, 6], MORE_THAN_ONE_STANDARD_DEVIATION=[5, 5, 5, 5, 5, 5, 5, 5], LESS_THAN_ONE_STANDARD_DEVIATION=[4, 4, 4, 4, 4, 3, 3, 4, 4, 4, 3, 4, 4, 4, 4, 3, 3, 3, 3, 4, 4, 4, 4, 3, 3, 4, 3, 3, 3, 3, 4, 3, 3, 3, 3, 3, 3, 3, 3, 4, 4, 3, 3, 4, 4, 4, 4, 4, 4, 4, 4, 4, 4, 4, 4, 4, 4, 4, 4, 4, 4, 4, 3, 4, 4, 4, 4, 4, 4, 4, 4, 4, 4, 4, 4, 4, 4, 3, 4, 4, 4, 4, 4, 3, 3, 3, 3, 3, 3]}
-----------------
