Results:


ResultSet for list size: 100000

Average per algorithm:
INDEXED_FOR: 0.9693877551020408
STREAM_REDUCE: 0.6224489795918368
PARALLEL_STREAM: 0.8775510204081632
STREAM_COLLECT: 1.0612244897959184
FOR_LOOP: 0.6326530612244898
WHILE_LOOP: 1.336734693877551
FOREACH: 1.4285714285714286
STREAM_MAPTOLONG: 0.7142857142857143
ITERATOR: 0.6632653061224489

Standard deviation per algorithm:
INDEXED_FOR: 2.5251958163418675
STREAM_REDUCE: 0.5053854080424405
PARALLEL_STREAM: 1.7099069441349724
STREAM_COLLECT: 0.2790774353301499
FOR_LOOP: 1.6374928266055113
WHILE_LOOP: 1.5114790536466793
FOREACH: 0.5150787536377128
STREAM_MAPTOLONG: 0.45175395145262565
ITERATOR: 0.9361654043525316

Measurements per algorithm:
INDEXED_FOR: [11, 17, 15, 15, 10, 1, 1, 1, 2, 0, 0, 1, 0, 1, 0, 1, 1, 0, 0, 0, 0, 0, 1, 0, 0, 1, 0, 0, 0, 0, 1, 1, 1, 1, 1, 1, 0, 0, 0, 1, 0, 0, 1, 1, 0, 1, 1, 0, 1, 1, 0, 1, 0, 1, 0, 0, 0, 0, 1, 0, 1, 1, 0, 0, 1, 1, 0, 0, 0, 0, 1, 0, 0, 0, 0, 1, 1, 0, 0, 1, 1, 1, 1, 0, 1, 0, 0, 1, 1, 0, 0, 0, 0, 1, 0, 0, 0, 0, 1, 1]
STREAM_REDUCE: [10, 0, 0, 1, 0, 0, 0, 0, 1, 1, 1, 1, 1, 0, 1, 1, 0, 0, 0, 1, 1, 1, 1, 0, 1, 0, 0, 1, 1, 1, 0, 2, 1, 1, 0, 1, 1, 0, 1, 1, 0, 0, 1, 1, 1, 0, 1, 1, 1, 0, 1, 1, 1, 0, 1, 0, 0, 0, 1, 1, 0, 1, 0, 0, 0, 1, 1, 1, 1, 1, 1, 0, 1, 0, 0, 1, 1, 1, 0, 1, 0, 0, 1, 1, 1, 1, 1, 0, 1, 1, 1, 1, 1, 0, 1, 0, 1, 1, 0, 0]
PARALLEL_STREAM: [21, 11, 11, 8, 0, 0, 1, 0, 1, 0, 1, 0, 0, 1, 0, 1, 0, 0, 0, 0, 1, 0, 1, 1, 0, 1, 1, 0, 1, 0, 1, 0, 0, 1, 1, 1, 1, 1, 0, 1, 1, 0, 1, 1, 0, 1, 0, 1, 1, 1, 1, 1, 0, 1, 1, 1, 0, 0, 1, 1, 1, 0, 1, 0, 1, 1, 0, 1, 0, 0, 1, 0, 1, 1, 1, 0, 1, 0, 1, 0, 1, 0, 0, 1, 0, 1, 1, 1, 0, 1, 1, 0, 1, 1, 1, 1, 1, 0, 1, 0]
STREAM_COLLECT: [5, 1, 0, 1, 1, 1, 1, 1, 2, 1, 1, 1, 1, 1, 1, 1, 1, 1, 1, 1, 1, 1, 1, 1, 1, 1, 1, 1, 1, 1, 1, 1, 1, 1, 1, 1, 1, 2, 1, 1, 1, 1, 1, 1, 1, 1, 1, 1, 1, 1, 1, 1, 1, 2, 1, 1, 1, 2, 2, 1, 1, 2, 2, 1, 1, 1, 1, 1, 1, 1, 1, 1, 1, 1, 1, 1, 1, 1, 1, 1, 1, 1, 1, 0, 1, 1, 1, 1, 1, 1, 1, 1, 1, 1, 1, 1, 1, 1, 1, 1]
FOR_LOOP: [16, 19, 1, 1, 0, 0, 0, 0, 1, 0, 1, 1, 0, 1, 0, 0, 1, 1, 1, 0, 1, 1, 0, 0, 1, 1, 1, 1, 0, 0, 0, 1, 1, 0, 1, 1, 0, 1, 1, 1, 1, 1, 1, 0, 0, 1, 0, 1, 0, 0, 1, 0, 0, 0, 0, 0, 1, 0, 0, 0, 0, 0, 0, 0, 0, 1, 0, 0, 0, 1, 1, 1, 0, 0, 0, 0, 0, 0, 1, 1, 1, 1, 1, 1, 0, 0, 0, 1, 0, 0, 1, 0, 1, 1, 0, 0, 0, 1, 1, 1]
WHILE_LOOP: [14, 50, 2, 0, 1, 0, 0, 1, 0, 0, 3, 2, 2, 2, 2, 3, 2, 2, 1, 2, 2, 2, 2, 1, 1, 1, 1, 2, 2, 2, 1, 1, 2, 2, 2, 2, 2, 2, 2, 2, 2, 2, 2, 3, 2, 2, 2, 2, 2, 2, 1, 2, 2, 2, 0, 0, 1, 1, 0, 1, 1, 1, 0, 1, 0, 1, 1, 1, 1, 0, 1, 1, 1, 0, 1, 0, 0, 0, 0, 1, 0, 1, 1, 1, 0, 1, 1, 1, 1, 1, 0, 0, 1, 1, 1, 0, 1, 1, 1, 1]
FOREACH: [13, 2, 2, 2, 2, 2, 1, 1, 2, 1, 2, 1, 1, 2, 2, 1, 2, 2, 1, 1, 1, 1, 1, 1, 1, 1, 2, 2, 1, 1, 2, 2, 1, 2, 2, 1, 2, 1, 1, 2, 1, 1, 1, 1, 1, 1, 1, 2, 1, 2, 1, 1, 1, 2, 2, 2, 2, 1, 1, 1, 1, 2, 1, 1, 1, 2, 2, 1, 2, 1, 1, 2, 1, 1, 2, 1, 1, 1, 2, 1, 2, 1, 1, 1, 2, 1, 1, 1, 2, 1, 2, 2, 3, 2, 1, 1, 2, 1, 2, 1]
STREAM_MAPTOLONG: [4, 1, 1, 1, 1, 1, 1, 0, 0, 1, 1, 1, 1, 1, 1, 0, 1, 1, 1, 1, 0, 1, 1, 0, 1, 0, 0, 1, 0, 1, 1, 1, 1, 0, 1, 1, 1, 0, 0, 1, 1, 1, 1, 1, 1, 0, 1, 1, 1, 1, 1, 1, 1, 1, 1, 0, 0, 1, 0, 1, 1, 1, 0, 1, 1, 0, 1, 1, 1, 1, 0, 1, 1, 0, 1, 1, 0, 0, 1, 0, 1, 1, 0, 1, 1, 1, 1, 0, 1, 1, 0, 1, 0, 1, 0, 1, 1, 0, 0, 1]
ITERATOR: [13, 8, 1, 2, 2, 1, 0, 0, 2, 0, 1, 1, 1, 1, 0, 1, 0, 1, 1, 0, 1, 0, 1, 0, 1, 0, 0, 1, 0, 0, 1, 1, 1, 1, 0, 1, 1, 0, 0, 0, 1, 1, 0, 2, 1, 0, 1, 0, 1, 1, 0, 1, 1, 0, 1, 1, 0, 1, 1, 1, 1, 0, 1, 1, 1, 0, 1, 1, 0, 1, 0, 1, 1, 1, 0, 0, 0, 1, 0, 1, 1, 0, 1, 0, 0, 0, 0, 0, 1, 0, 0, 0, 1, 1, 0, 0, 0, 0, 0, 0]

Classified measurements per deviation per algorithm:
INDEXED_FOR: {MORE_THAN_TWO_STANDARD_DEVIATIONS=[11, 17, 15, 15, 10], LESS_THAN_ONE_STANDARD_DEVIATION=[1, 1, 1, 2, 0, 0, 1, 0, 1, 0, 1, 1, 0, 0, 0, 0, 0, 1, 0, 0, 1, 0, 0, 0, 0, 1, 1, 1, 1, 1, 1, 0, 0, 0, 1, 0, 0, 1, 1, 0, 1, 1, 0, 1, 1, 0, 1, 0, 1, 0, 0, 0, 0, 1, 0, 1, 1, 0, 0, 1, 1, 0, 0, 0, 0, 1, 0, 0, 0, 0, 1, 1, 0, 0, 1, 1, 1, 1, 0, 1, 0, 0, 1, 1, 0, 0, 0, 0, 1, 0, 0, 0, 0, 1, 1]}
STREAM_REDUCE: {MORE_THAN_TWO_STANDARD_DEVIATIONS=[10, 2], MORE_THAN_ONE_STANDARD_DEVIATION=[0, 0, 0, 0, 0, 0, 0, 0, 0, 0, 0, 0, 0, 0, 0, 0, 0, 0, 0, 0, 0, 0, 0, 0, 0, 0, 0, 0, 0, 0, 0, 0, 0, 0, 0, 0, 0, 0, 0], LESS_THAN_ONE_STANDARD_DEVIATION=[1, 1, 1, 1, 1, 1, 1, 1, 1, 1, 1, 1, 1, 1, 1, 1, 1, 1, 1, 1, 1, 1, 1, 1, 1, 1, 1, 1, 1, 1, 1, 1, 1, 1, 1, 1, 1, 1, 1, 1, 1, 1, 1, 1, 1, 1, 1, 1, 1, 1, 1, 1, 1, 1, 1, 1, 1, 1, 1]}
PARALLEL_STREAM: {MORE_THAN_TWO_STANDARD_DEVIATIONS=[21, 11, 11, 8], LESS_THAN_ONE_STANDARD_DEVIATION=[0, 0, 1, 0, 1, 0, 1, 0, 0, 1, 0, 1, 0, 0, 0, 0, 1, 0, 1, 1, 0, 1, 1, 0, 1, 0, 1, 0, 0, 1, 1, 1, 1, 1, 0, 1, 1, 0, 1, 1, 0, 1, 0, 1, 1, 1, 1, 1, 0, 1, 1, 1, 0, 0, 1, 1, 1, 0, 1, 0, 1, 1, 0, 1, 0, 0, 1, 0, 1, 1, 1, 0, 1, 0, 1, 0, 1, 0, 0, 1, 0, 1, 1, 1, 0, 1, 1, 0, 1, 1, 1, 1, 1, 0, 1, 0]}
STREAM_COLLECT: {MORE_THAN_TWO_STANDARD_DEVIATIONS=[5, 0, 2, 2, 2, 2, 2, 2, 2, 0], LESS_THAN_ONE_STANDARD_DEVIATION=[1, 1, 1, 1, 1, 1, 1, 1, 1, 1, 1, 1, 1, 1, 1, 1, 1, 1, 1, 1, 1, 1, 1, 1, 1, 1, 1, 1, 1, 1, 1, 1, 1, 1, 1, 1, 1, 1, 1, 1, 1, 1, 1, 1, 1, 1, 1, 1, 1, 1, 1, 1, 1, 1, 1, 1, 1, 1, 1, 1, 1, 1, 1, 1, 1, 1, 1, 1, 1, 1, 1, 1, 1, 1, 1, 1, 1, 1, 1, 1, 1, 1, 1, 1, 1, 1, 1, 1, 1, 1]}
FOR_LOOP: {MORE_THAN_TWO_STANDARD_DEVIATIONS=[16, 19], LESS_THAN_ONE_STANDARD_DEVIATION=[1, 1, 0, 0, 0, 0, 1, 0, 1, 1, 0, 1, 0, 0, 1, 1, 1, 0, 1, 1, 0, 0, 1, 1, 1, 1, 0, 0, 0, 1, 1, 0, 1, 1, 0, 1, 1, 1, 1, 1, 1, 0, 0, 1, 0, 1, 0, 0, 1, 0, 0, 0, 0, 0, 1, 0, 0, 0, 0, 0, 0, 0, 0, 1, 0, 0, 0, 1, 1, 1, 0, 0, 0, 0, 0, 0, 1, 1, 1, 1, 1, 1, 0, 0, 0, 1, 0, 0, 1, 0, 1, 1, 0, 0, 0, 1, 1, 1]}
WHILE_LOOP: {MORE_THAN_TWO_STANDARD_DEVIATIONS=[14, 50], MORE_THAN_ONE_STANDARD_DEVIATION=[3, 3, 3], LESS_THAN_ONE_STANDARD_DEVIATION=[2, 0, 1, 0, 0, 1, 0, 0, 2, 2, 2, 2, 2, 2, 1, 2, 2, 2, 2, 1, 1, 1, 1, 2, 2, 2, 1, 1, 2, 2, 2, 2, 2, 2, 2, 2, 2, 2, 2, 2, 2, 2, 2, 2, 2, 1, 2, 2, 2, 0, 0, 1, 1, 0, 1, 1, 1, 0, 1, 0, 1, 1, 1, 1, 0, 1, 1, 1, 0, 1, 0, 0, 0, 0, 1, 0, 1, 1, 1, 0, 1, 1, 1, 1, 1, 0, 0, 1, 1, 1, 0, 1, 1, 1, 1]}
FOREACH: {MORE_THAN_TWO_STANDARD_DEVIATIONS=[13, 3], MORE_THAN_ONE_STANDARD_DEVIATION=[2, 2, 2, 2, 2, 2, 2, 2, 2, 2, 2, 2, 2, 2, 2, 2, 2, 2, 2, 2, 2, 2, 2, 2, 2, 2, 2, 2, 2, 2, 2, 2, 2, 2, 2, 2, 2, 2, 2, 2], LESS_THAN_ONE_STANDARD_DEVIATION=[1, 1, 1, 1, 1, 1, 1, 1, 1, 1, 1, 1, 1, 1, 1, 1, 1, 1, 1, 1, 1, 1, 1, 1, 1, 1, 1, 1, 1, 1, 1, 1, 1, 1, 1, 1, 1, 1, 1, 1, 1, 1, 1, 1, 1, 1, 1, 1, 1, 1, 1, 1, 1, 1, 1, 1, 1, 1]}
STREAM_MAPTOLONG: {MORE_THAN_TWO_STANDARD_DEVIATIONS=[4], MORE_THAN_ONE_STANDARD_DEVIATION=[0, 0, 0, 0, 0, 0, 0, 0, 0, 0, 0, 0, 0, 0, 0, 0, 0, 0, 0, 0, 0, 0, 0, 0, 0, 0, 0, 0, 0], LESS_THAN_ONE_STANDARD_DEVIATION=[1, 1, 1, 1, 1, 1, 1, 1, 1, 1, 1, 1, 1, 1, 1, 1, 1, 1, 1, 1, 1, 1, 1, 1, 1, 1, 1, 1, 1, 1, 1, 1, 1, 1, 1, 1, 1, 1, 1, 1, 1, 1, 1, 1, 1, 1, 1, 1, 1, 1, 1, 1, 1, 1, 1, 1, 1, 1, 1, 1, 1, 1, 1, 1, 1, 1, 1, 1, 1, 1]}
ITERATOR: {MORE_THAN_TWO_STANDARD_DEVIATIONS=[13, 8], MORE_THAN_ONE_STANDARD_DEVIATION=[2, 2, 2, 2], LESS_THAN_ONE_STANDARD_DEVIATION=[1, 1, 0, 0, 0, 1, 1, 1, 1, 0, 1, 0, 1, 1, 0, 1, 0, 1, 0, 1, 0, 0, 1, 0, 0, 1, 1, 1, 1, 0, 1, 1, 0, 0, 0, 1, 1, 0, 1, 0, 1, 0, 1, 1, 0, 1, 1, 0, 1, 1, 0, 1, 1, 1, 1, 0, 1, 1, 1, 0, 1, 1, 0, 1, 0, 1, 1, 1, 0, 0, 0, 1, 0, 1, 1, 0, 1, 0, 0, 0, 0, 0, 1, 0, 0, 0, 1, 1, 0, 0, 0, 0, 0, 0]}


---------------------------------------------------
---------------------------------------------------

ResultSet for list size: 10000

Average per algorithm:
INDEXED_FOR: 0.19387755102040816
STREAM_REDUCE: 0.05102040816326531
PARALLEL_STREAM: 0.4387755102040816
STREAM_COLLECT: 0.16326530612244897
FOR_LOOP: 0.08163265306122448
WHILE_LOOP: 0.14285714285714285
FOREACH: 0.17346938775510204
STREAM_MAPTOLONG: 0.11224489795918367
ITERATOR: 0.10204081632653061

Standard deviation per algorithm:
INDEXED_FOR: 0.4877721797027396
STREAM_REDUCE: 0.22003937400865128
PARALLEL_STREAM: 0.8697445851983687
STREAM_COLLECT: 0.36960755665867007
FOR_LOOP: 0.3088315500086032
WHILE_LOOP: 0.37796447300922725
FOREACH: 0.3786525574546831
STREAM_MAPTOLONG: 0.31566751629098
ITERATOR: 0.30270197906512913

Measurements per algorithm:
INDEXED_FOR: [1, 2, 2, 2, 2, 1, 2, 0, 1, 0, 0, 0, 0, 0, 0, 0, 0, 0, 0, 0, 0, 0, 0, 0, 0, 0, 0, 0, 0, 0, 0, 0, 0, 0, 1, 0, 0, 0, 0, 0, 0, 0, 0, 1, 0, 0, 0, 0, 1, 0, 0, 0, 0, 0, 0, 0, 0, 0, 0, 0, 0, 0, 0, 0, 0, 0, 0, 0, 0, 0, 0, 0, 0, 0, 0, 1, 0, 0, 0, 0, 1, 0, 1, 0, 0, 0, 0, 0, 0, 0, 0, 0, 0, 1, 0, 0, 0, 0, 0, 1]
STREAM_REDUCE: [2, 0, 0, 0, 0, 0, 0, 0, 0, 0, 0, 0, 0, 0, 0, 0, 0, 0, 0, 0, 0, 0, 0, 0, 0, 0, 0, 0, 0, 0, 0, 0, 0, 0, 0, 1, 0, 0, 0, 0, 0, 0, 0, 0, 0, 0, 0, 0, 0, 0, 0, 0, 0, 0, 0, 0, 0, 0, 0, 0, 0, 0, 0, 0, 0, 0, 0, 0, 0, 0, 0, 0, 0, 0, 0, 0, 0, 0, 0, 1, 0, 0, 0, 0, 0, 0, 1, 0, 0, 0, 1, 1, 0, 0, 0, 0, 0, 0, 0, 0]
PARALLEL_STREAM: [4, 5, 3, 7, 0, 0, 1, 0, 0, 0, 0, 0, 0, 0, 0, 0, 0, 0, 0, 0, 1, 0, 0, 1, 0, 1, 0, 0, 0, 0, 0, 0, 0, 0, 0, 1, 0, 2, 0, 2, 0, 0, 0, 1, 0, 0, 0, 0, 2, 1, 1, 1, 0, 1, 0, 2, 0, 0, 0, 0, 0, 0, 0, 0, 2, 1, 0, 0, 2, 0, 0, 0, 0, 0, 1, 0, 1, 0, 1, 0, 0, 0, 1, 1, 0, 1, 0, 0, 0, 0, 1, 0, 1, 0, 0, 0, 0, 0, 0, 0]
STREAM_COLLECT: [3, 0, 0, 1, 0, 0, 0, 0, 1, 0, 0, 0, 0, 0, 0, 0, 0, 1, 0, 0, 0, 0, 1, 0, 0, 0, 0, 0, 0, 0, 0, 0, 0, 1, 0, 0, 1, 0, 0, 0, 0, 0, 1, 0, 0, 0, 0, 0, 0, 0, 1, 0, 0, 0, 0, 0, 1, 0, 0, 0, 0, 1, 1, 0, 0, 0, 0, 1, 0, 0, 0, 0, 1, 0, 0, 0, 0, 1, 0, 0, 0, 0, 0, 0, 0, 1, 0, 0, 0, 0, 0, 1, 0, 0, 0, 0, 0, 0, 0, 0]
FOR_LOOP: [2, 3, 1, 0, 0, 0, 0, 0, 0, 0, 1, 0, 0, 0, 0, 0, 0, 0, 0, 0, 0, 0, 0, 0, 0, 0, 0, 0, 0, 0, 0, 1, 0, 0, 0, 0, 0, 0, 0, 0, 0, 0, 1, 0, 0, 0, 0, 0, 0, 0, 0, 0, 0, 0, 0, 0, 0, 0, 0, 0, 0, 0, 0, 0, 0, 0, 0, 0, 0, 0, 0, 0, 0, 0, 0, 0, 0, 0, 1, 0, 0, 0, 0, 0, 0, 0, 0, 0, 0, 0, 0, 0, 0, 1, 0, 0, 0, 0, 0, 0]
WHILE_LOOP: [2, 35, 1, 0, 0, 0, 0, 0, 0, 0, 0, 0, 0, 0, 0, 0, 1, 0, 0, 1, 0, 0, 0, 0, 0, 0, 0, 0, 1, 0, 0, 0, 1, 0, 0, 1, 0, 0, 0, 0, 0, 1, 0, 1, 0, 0, 0, 0, 1, 0, 0, 0, 1, 0, 0, 0, 0, 0, 0, 1, 0, 0, 0, 0, 0, 0, 0, 0, 0, 0, 0, 0, 0, 0, 0, 0, 0, 0, 0, 0, 0, 0, 0, 0, 0, 0, 0, 0, 0, 0, 0, 0, 0, 0, 0, 0, 0, 1, 0, 0]
FOREACH: [5, 0, 0, 1, 1, 0, 0, 0, 1, 0, 1, 0, 0, 1, 0, 0, 0, 1, 0, 0, 0, 0, 0, 0, 0, 0, 0, 0, 0, 0, 0, 1, 0, 0, 0, 0, 0, 0, 0, 1, 0, 0, 0, 0, 0, 0, 0, 1, 0, 0, 0, 0, 0, 1, 1, 0, 0, 0, 0, 0, 0, 1, 0, 0, 0, 1, 0, 0, 0, 0, 0, 0, 0, 0, 1, 0, 0, 0, 0, 0, 0, 0, 0, 0, 0, 0, 0, 0, 0, 0, 1, 1, 0, 0, 0, 0, 0, 0, 1, 0]
STREAM_MAPTOLONG: [4, 0, 0, 0, 0, 0, 0, 0, 0, 0, 0, 0, 0, 0, 0, 0, 0, 0, 0, 0, 0, 1, 0, 0, 0, 0, 0, 1, 0, 0, 0, 0, 0, 0, 0, 0, 0, 0, 0, 0, 1, 0, 0, 1, 0, 0, 0, 0, 0, 0, 0, 0, 0, 0, 0, 0, 0, 0, 0, 1, 0, 0, 0, 0, 0, 0, 1, 1, 0, 0, 0, 0, 0, 0, 0, 0, 0, 0, 0, 0, 1, 0, 0, 0, 0, 1, 0, 0, 1, 0, 0, 0, 0, 1, 0, 0, 0, 0, 0, 0]
ITERATOR: [1, 2, 1, 1, 1, 1, 0, 0, 0, 0, 0, 1, 0, 0, 0, 0, 0, 0, 0, 0, 1, 0, 0, 0, 0, 0, 0, 0, 0, 0, 0, 0, 0, 1, 0, 0, 0, 0, 0, 0, 0, 0, 0, 0, 0, 0, 0, 0, 0, 0, 0, 0, 0, 0, 0, 0, 0, 0, 0, 0, 0, 0, 0, 0, 0, 0, 0, 0, 0, 1, 0, 0, 0, 0, 0, 0, 0, 0, 0, 0, 0, 0, 1, 0, 0, 0, 0, 0, 0, 0, 0, 0, 0, 0, 0, 0, 0, 0, 0, 0]

Classified measurements per deviation per algorithm:
INDEXED_FOR: {MORE_THAN_TWO_STANDARD_DEVIATIONS=[2, 2, 2, 2, 2], MORE_THAN_ONE_STANDARD_DEVIATION=[1, 1, 1, 1, 1, 1, 1, 1, 1, 1, 1], LESS_THAN_ONE_STANDARD_DEVIATION=[0, 0, 0, 0, 0, 0, 0, 0, 0, 0, 0, 0, 0, 0, 0, 0, 0, 0, 0, 0, 0, 0, 0, 0, 0, 0, 0, 0, 0, 0, 0, 0, 0, 0, 0, 0, 0, 0, 0, 0, 0, 0, 0, 0, 0, 0, 0, 0, 0, 0, 0, 0, 0, 0, 0, 0, 0, 0, 0, 0, 0, 0, 0, 0, 0, 0, 0, 0, 0, 0, 0, 0, 0, 0, 0, 0, 0, 0, 0, 0, 0, 0, 0, 0]}
STREAM_REDUCE: {MORE_THAN_TWO_STANDARD_DEVIATIONS=[2, 1, 1, 1, 1, 1], LESS_THAN_ONE_STANDARD_DEVIATION=[0, 0, 0, 0, 0, 0, 0, 0, 0, 0, 0, 0, 0, 0, 0, 0, 0, 0, 0, 0, 0, 0, 0, 0, 0, 0, 0, 0, 0, 0, 0, 0, 0, 0, 0, 0, 0, 0, 0, 0, 0, 0, 0, 0, 0, 0, 0, 0, 0, 0, 0, 0, 0, 0, 0, 0, 0, 0, 0, 0, 0, 0, 0, 0, 0, 0, 0, 0, 0, 0, 0, 0, 0, 0, 0, 0, 0, 0, 0, 0, 0, 0, 0, 0, 0, 0, 0, 0, 0, 0, 0, 0, 0, 0]}
PARALLEL_STREAM: {MORE_THAN_TWO_STANDARD_DEVIATIONS=[4, 5, 3, 7], MORE_THAN_ONE_STANDARD_DEVIATION=[2, 2, 2, 2, 2, 2], LESS_THAN_ONE_STANDARD_DEVIATION=[0, 0, 1, 0, 0, 0, 0, 0, 0, 0, 0, 0, 0, 0, 0, 0, 1, 0, 0, 1, 0, 1, 0, 0, 0, 0, 0, 0, 0, 0, 0, 1, 0, 0, 0, 0, 0, 1, 0, 0, 0, 0, 1, 1, 1, 0, 1, 0, 0, 0, 0, 0, 0, 0, 0, 0, 1, 0, 0, 0, 0, 0, 0, 0, 1, 0, 1, 0, 1, 0, 0, 0, 1, 1, 0, 1, 0, 0, 0, 0, 1, 0, 1, 0, 0, 0, 0, 0, 0, 0]}
STREAM_COLLECT: {MORE_THAN_TWO_STANDARD_DEVIATIONS=[3, 1, 1, 1, 1, 1, 1, 1, 1, 1, 1, 1, 1, 1, 1, 1, 1], LESS_THAN_ONE_STANDARD_DEVIATION=[0, 0, 0, 0, 0, 0, 0, 0, 0, 0, 0, 0, 0, 0, 0, 0, 0, 0, 0, 0, 0, 0, 0, 0, 0, 0, 0, 0, 0, 0, 0, 0, 0, 0, 0, 0, 0, 0, 0, 0, 0, 0, 0, 0, 0, 0, 0, 0, 0, 0, 0, 0, 0, 0, 0, 0, 0, 0, 0, 0, 0, 0, 0, 0, 0, 0, 0, 0, 0, 0, 0, 0, 0, 0, 0, 0, 0, 0, 0, 0, 0, 0, 0]}
FOR_LOOP: {MORE_THAN_TWO_STANDARD_DEVIATIONS=[2, 3, 1, 1, 1, 1, 1, 1], LESS_THAN_ONE_STANDARD_DEVIATION=[0, 0, 0, 0, 0, 0, 0, 0, 0, 0, 0, 0, 0, 0, 0, 0, 0, 0, 0, 0, 0, 0, 0, 0, 0, 0, 0, 0, 0, 0, 0, 0, 0, 0, 0, 0, 0, 0, 0, 0, 0, 0, 0, 0, 0, 0, 0, 0, 0, 0, 0, 0, 0, 0, 0, 0, 0, 0, 0, 0, 0, 0, 0, 0, 0, 0, 0, 0, 0, 0, 0, 0, 0, 0, 0, 0, 0, 0, 0, 0, 0, 0, 0, 0, 0, 0, 0, 0, 0, 0, 0, 0]}
WHILE_LOOP: {MORE_THAN_TWO_STANDARD_DEVIATIONS=[2, 35, 1, 1, 1, 1, 1, 1, 1, 1, 1, 1, 1, 1], LESS_THAN_ONE_STANDARD_DEVIATION=[0, 0, 0, 0, 0, 0, 0, 0, 0, 0, 0, 0, 0, 0, 0, 0, 0, 0, 0, 0, 0, 0, 0, 0, 0, 0, 0, 0, 0, 0, 0, 0, 0, 0, 0, 0, 0, 0, 0, 0, 0, 0, 0, 0, 0, 0, 0, 0, 0, 0, 0, 0, 0, 0, 0, 0, 0, 0, 0, 0, 0, 0, 0, 0, 0, 0, 0, 0, 0, 0, 0, 0, 0, 0, 0, 0, 0, 0, 0, 0, 0, 0, 0, 0, 0, 0]}
FOREACH: {MORE_THAN_TWO_STANDARD_DEVIATIONS=[5, 1, 1, 1, 1, 1, 1, 1, 1, 1, 1, 1, 1, 1, 1, 1, 1, 1], LESS_THAN_ONE_STANDARD_DEVIATION=[0, 0, 0, 0, 0, 0, 0, 0, 0, 0, 0, 0, 0, 0, 0, 0, 0, 0, 0, 0, 0, 0, 0, 0, 0, 0, 0, 0, 0, 0, 0, 0, 0, 0, 0, 0, 0, 0, 0, 0, 0, 0, 0, 0, 0, 0, 0, 0, 0, 0, 0, 0, 0, 0, 0, 0, 0, 0, 0, 0, 0, 0, 0, 0, 0, 0, 0, 0, 0, 0, 0, 0, 0, 0, 0, 0, 0, 0, 0, 0, 0, 0]}
STREAM_MAPTOLONG: {MORE_THAN_TWO_STANDARD_DEVIATIONS=[4, 1, 1, 1, 1, 1, 1, 1, 1, 1, 1, 1], LESS_THAN_ONE_STANDARD_DEVIATION=[0, 0, 0, 0, 0, 0, 0, 0, 0, 0, 0, 0, 0, 0, 0, 0, 0, 0, 0, 0, 0, 0, 0, 0, 0, 0, 0, 0, 0, 0, 0, 0, 0, 0, 0, 0, 0, 0, 0, 0, 0, 0, 0, 0, 0, 0, 0, 0, 0, 0, 0, 0, 0, 0, 0, 0, 0, 0, 0, 0, 0, 0, 0, 0, 0, 0, 0, 0, 0, 0, 0, 0, 0, 0, 0, 0, 0, 0, 0, 0, 0, 0, 0, 0, 0, 0, 0, 0]}
ITERATOR: {MORE_THAN_TWO_STANDARD_DEVIATIONS=[1, 2, 1, 1, 1, 1, 1, 1, 1, 1, 1], LESS_THAN_ONE_STANDARD_DEVIATION=[0, 0, 0, 0, 0, 0, 0, 0, 0, 0, 0, 0, 0, 0, 0, 0, 0, 0, 0, 0, 0, 0, 0, 0, 0, 0, 0, 0, 0, 0, 0, 0, 0, 0, 0, 0, 0, 0, 0, 0, 0, 0, 0, 0, 0, 0, 0, 0, 0, 0, 0, 0, 0, 0, 0, 0, 0, 0, 0, 0, 0, 0, 0, 0, 0, 0, 0, 0, 0, 0, 0, 0, 0, 0, 0, 0, 0, 0, 0, 0, 0, 0, 0, 0, 0, 0, 0, 0, 0]}


---------------------------------------------------
---------------------------------------------------

ResultSet for list size: 1000

Average per algorithm:
INDEXED_FOR: 0.030612244897959183
STREAM_REDUCE: 0.0
PARALLEL_STREAM: 0.1326530612244898
STREAM_COLLECT: 0.030612244897959183
FOR_LOOP: 0.0
WHILE_LOOP: 0.0
FOREACH: 0.030612244897959183
STREAM_MAPTOLONG: 0.02040816326530612
ITERATOR: 0.01020408163265306

Standard deviation per algorithm:
INDEXED_FOR: 0.1722647246544299
STREAM_REDUCE: 0.0
PARALLEL_STREAM: 0.36805487340553944
STREAM_COLLECT: 0.1722647246544299
FOR_LOOP: 0.0
WHILE_LOOP: 0.0
FOREACH: 0.1722647246544299
STREAM_MAPTOLONG: 0.14139190265868384
ITERATOR: 0.10049854899791943

Measurements per algorithm:
INDEXED_FOR: [0, 0, 0, 0, 0, 0, 0, 0, 1, 0, 0, 0, 0, 0, 0, 0, 0, 0, 0, 0, 0, 0, 0, 0, 0, 0, 0, 0, 0, 0, 0, 0, 0, 0, 1, 0, 0, 0, 0, 0, 0, 0, 0, 0, 0, 0, 0, 0, 0, 0, 0, 0, 0, 0, 0, 0, 0, 0, 0, 0, 0, 0, 0, 0, 0, 0, 0, 0, 0, 0, 0, 0, 0, 0, 0, 0, 0, 0, 0, 0, 1, 0, 0, 0, 0, 0, 0, 0, 0, 0, 0, 0, 0, 1, 0, 0, 0, 0, 0, 0]
STREAM_REDUCE: [0, 0, 0, 0, 0, 0, 0, 0, 0, 0, 0, 0, 0, 0, 0, 0, 0, 0, 0, 0, 0, 0, 0, 0, 0, 0, 0, 0, 0, 0, 0, 0, 0, 0, 0, 0, 0, 0, 0, 0, 0, 0, 0, 0, 0, 0, 0, 0, 0, 0, 0, 0, 0, 0, 0, 0, 0, 0, 0, 0, 0, 0, 0, 0, 0, 0, 0, 0, 0, 0, 0, 0, 0, 0, 0, 0, 0, 0, 0, 0, 0, 0, 0, 0, 0, 0, 0, 0, 0, 0, 0, 0, 0, 0, 0, 0, 0, 0, 0, 0]
PARALLEL_STREAM: [2, 1, 0, 0, 0, 0, 0, 0, 0, 0, 1, 0, 0, 0, 0, 0, 0, 0, 0, 0, 1, 0, 0, 1, 0, 0, 0, 0, 0, 0, 0, 0, 0, 0, 0, 3, 0, 0, 0, 0, 0, 0, 0, 0, 0, 0, 0, 1, 0, 0, 1, 0, 0, 1, 0, 1, 0, 0, 0, 0, 0, 0, 0, 0, 0, 0, 0, 0, 0, 0, 0, 0, 0, 0, 1, 0, 0, 0, 1, 0, 0, 0, 0, 0, 0, 0, 0, 0, 0, 0, 0, 0, 1, 0, 0, 0, 0, 0, 0, 0]
STREAM_COLLECT: [1, 0, 0, 0, 0, 0, 0, 0, 0, 0, 0, 0, 0, 0, 0, 0, 0, 0, 0, 0, 0, 0, 0, 0, 0, 0, 0, 0, 0, 0, 0, 0, 0, 0, 0, 0, 0, 0, 0, 0, 0, 0, 1, 0, 0, 0, 0, 0, 0, 0, 0, 0, 0, 0, 0, 0, 0, 0, 0, 0, 0, 0, 0, 0, 0, 0, 0, 0, 0, 0, 0, 0, 0, 0, 0, 0, 0, 0, 0, 0, 0, 0, 0, 0, 0, 1, 0, 0, 0, 0, 0, 1, 0, 0, 0, 0, 0, 0, 0, 0]
FOR_LOOP: [1, 0, 0, 0, 0, 0, 0, 0, 0, 0, 0, 0, 0, 0, 0, 0, 0, 0, 0, 0, 0, 0, 0, 0, 0, 0, 0, 0, 0, 0, 0, 0, 0, 0, 0, 0, 0, 0, 0, 0, 0, 0, 0, 0, 0, 0, 0, 0, 0, 0, 0, 0, 0, 0, 0, 0, 0, 0, 0, 0, 0, 0, 0, 0, 0, 0, 0, 0, 0, 0, 0, 0, 0, 0, 0, 0, 0, 0, 0, 0, 0, 0, 0, 0, 0, 0, 0, 0, 0, 0, 0, 0, 0, 0, 0, 0, 0, 0, 0, 0]
WHILE_LOOP: [0, 0, 0, 0, 0, 0, 0, 0, 0, 0, 0, 0, 0, 0, 0, 0, 0, 0, 0, 0, 0, 0, 0, 0, 0, 0, 0, 0, 0, 0, 0, 0, 0, 0, 0, 0, 0, 0, 0, 0, 0, 0, 0, 0, 0, 0, 0, 0, 0, 0, 0, 0, 0, 0, 0, 0, 0, 0, 0, 0, 0, 0, 0, 0, 0, 0, 0, 0, 0, 0, 0, 0, 0, 0, 0, 0, 0, 0, 0, 0, 0, 0, 0, 0, 0, 0, 0, 0, 0, 0, 0, 0, 0, 0, 0, 0, 0, 0, 0, 0]
FOREACH: [1, 0, 0, 1, 0, 0, 0, 0, 0, 0, 0, 0, 0, 0, 0, 0, 0, 0, 0, 0, 0, 0, 0, 0, 0, 0, 0, 0, 0, 0, 0, 0, 0, 0, 0, 0, 0, 0, 0, 0, 0, 0, 0, 0, 0, 0, 0, 0, 0, 0, 0, 0, 0, 0, 0, 0, 0, 0, 0, 0, 0, 1, 0, 0, 0, 1, 0, 0, 0, 0, 0, 0, 0, 0, 0, 0, 0, 0, 0, 0, 0, 0, 0, 0, 0, 0, 0, 0, 0, 0, 0, 0, 0, 0, 0, 0, 0, 0, 0, 0]
STREAM_MAPTOLONG: [2, 0, 0, 0, 0, 0, 0, 0, 0, 0, 0, 0, 0, 0, 0, 0, 0, 0, 0, 0, 0, 0, 0, 0, 0, 0, 0, 0, 0, 0, 0, 0, 0, 0, 0, 0, 0, 0, 0, 0, 0, 0, 0, 1, 0, 0, 0, 0, 0, 0, 0, 0, 0, 0, 0, 0, 0, 0, 0, 0, 0, 0, 0, 0, 0, 0, 0, 0, 0, 0, 0, 0, 0, 0, 0, 0, 0, 0, 0, 0, 0, 0, 0, 0, 0, 1, 0, 0, 0, 0, 0, 0, 0, 0, 0, 0, 0, 0, 0, 0]
ITERATOR: [0, 0, 0, 1, 0, 0, 0, 0, 0, 0, 0, 0, 0, 0, 0, 0, 0, 0, 0, 0, 0, 0, 0, 0, 0, 0, 0, 0, 0, 0, 0, 0, 0, 0, 0, 0, 0, 0, 0, 0, 0, 0, 0, 0, 0, 0, 0, 0, 0, 0, 0, 0, 0, 0, 0, 0, 0, 0, 0, 0, 0, 0, 0, 0, 0, 0, 0, 0, 0, 1, 0, 0, 0, 0, 0, 0, 0, 0, 0, 0, 0, 0, 0, 0, 0, 0, 0, 0, 0, 0, 0, 0, 0, 0, 0, 0, 0, 0, 0, 0]

Classified measurements per deviation per algorithm:
INDEXED_FOR: {MORE_THAN_TWO_STANDARD_DEVIATIONS=[1, 1, 1, 1], LESS_THAN_ONE_STANDARD_DEVIATION=[0, 0, 0, 0, 0, 0, 0, 0, 0, 0, 0, 0, 0, 0, 0, 0, 0, 0, 0, 0, 0, 0, 0, 0, 0, 0, 0, 0, 0, 0, 0, 0, 0, 0, 0, 0, 0, 0, 0, 0, 0, 0, 0, 0, 0, 0, 0, 0, 0, 0, 0, 0, 0, 0, 0, 0, 0, 0, 0, 0, 0, 0, 0, 0, 0, 0, 0, 0, 0, 0, 0, 0, 0, 0, 0, 0, 0, 0, 0, 0, 0, 0, 0, 0, 0, 0, 0, 0, 0, 0, 0, 0, 0, 0, 0, 0]}
STREAM_REDUCE: {LESS_THAN_ONE_STANDARD_DEVIATION=[0, 0, 0, 0, 0, 0, 0, 0, 0, 0, 0, 0, 0, 0, 0, 0, 0, 0, 0, 0, 0, 0, 0, 0, 0, 0, 0, 0, 0, 0, 0, 0, 0, 0, 0, 0, 0, 0, 0, 0, 0, 0, 0, 0, 0, 0, 0, 0, 0, 0, 0, 0, 0, 0, 0, 0, 0, 0, 0, 0, 0, 0, 0, 0, 0, 0, 0, 0, 0, 0, 0, 0, 0, 0, 0, 0, 0, 0, 0, 0, 0, 0, 0, 0, 0, 0, 0, 0, 0, 0, 0, 0, 0, 0, 0, 0, 0, 0, 0, 0]}
PARALLEL_STREAM: {MORE_THAN_TWO_STANDARD_DEVIATIONS=[2, 1, 1, 1, 1, 3, 1, 1, 1, 1, 1, 1, 1], LESS_THAN_ONE_STANDARD_DEVIATION=[0, 0, 0, 0, 0, 0, 0, 0, 0, 0, 0, 0, 0, 0, 0, 0, 0, 0, 0, 0, 0, 0, 0, 0, 0, 0, 0, 0, 0, 0, 0, 0, 0, 0, 0, 0, 0, 0, 0, 0, 0, 0, 0, 0, 0, 0, 0, 0, 0, 0, 0, 0, 0, 0, 0, 0, 0, 0, 0, 0, 0, 0, 0, 0, 0, 0, 0, 0, 0, 0, 0, 0, 0, 0, 0, 0, 0, 0, 0, 0, 0, 0, 0, 0, 0, 0, 0]}
STREAM_COLLECT: {MORE_THAN_TWO_STANDARD_DEVIATIONS=[1, 1, 1, 1], LESS_THAN_ONE_STANDARD_DEVIATION=[0, 0, 0, 0, 0, 0, 0, 0, 0, 0, 0, 0, 0, 0, 0, 0, 0, 0, 0, 0, 0, 0, 0, 0, 0, 0, 0, 0, 0, 0, 0, 0, 0, 0, 0, 0, 0, 0, 0, 0, 0, 0, 0, 0, 0, 0, 0, 0, 0, 0, 0, 0, 0, 0, 0, 0, 0, 0, 0, 0, 0, 0, 0, 0, 0, 0, 0, 0, 0, 0, 0, 0, 0, 0, 0, 0, 0, 0, 0, 0, 0, 0, 0, 0, 0, 0, 0, 0, 0, 0, 0, 0, 0, 0, 0, 0]}
FOR_LOOP: {MORE_THAN_TWO_STANDARD_DEVIATIONS=[1], LESS_THAN_ONE_STANDARD_DEVIATION=[0, 0, 0, 0, 0, 0, 0, 0, 0, 0, 0, 0, 0, 0, 0, 0, 0, 0, 0, 0, 0, 0, 0, 0, 0, 0, 0, 0, 0, 0, 0, 0, 0, 0, 0, 0, 0, 0, 0, 0, 0, 0, 0, 0, 0, 0, 0, 0, 0, 0, 0, 0, 0, 0, 0, 0, 0, 0, 0, 0, 0, 0, 0, 0, 0, 0, 0, 0, 0, 0, 0, 0, 0, 0, 0, 0, 0, 0, 0, 0, 0, 0, 0, 0, 0, 0, 0, 0, 0, 0, 0, 0, 0, 0, 0, 0, 0, 0, 0]}
WHILE_LOOP: {LESS_THAN_ONE_STANDARD_DEVIATION=[0, 0, 0, 0, 0, 0, 0, 0, 0, 0, 0, 0, 0, 0, 0, 0, 0, 0, 0, 0, 0, 0, 0, 0, 0, 0, 0, 0, 0, 0, 0, 0, 0, 0, 0, 0, 0, 0, 0, 0, 0, 0, 0, 0, 0, 0, 0, 0, 0, 0, 0, 0, 0, 0, 0, 0, 0, 0, 0, 0, 0, 0, 0, 0, 0, 0, 0, 0, 0, 0, 0, 0, 0, 0, 0, 0, 0, 0, 0, 0, 0, 0, 0, 0, 0, 0, 0, 0, 0, 0, 0, 0, 0, 0, 0, 0, 0, 0, 0, 0]}
FOREACH: {MORE_THAN_TWO_STANDARD_DEVIATIONS=[1, 1, 1, 1], LESS_THAN_ONE_STANDARD_DEVIATION=[0, 0, 0, 0, 0, 0, 0, 0, 0, 0, 0, 0, 0, 0, 0, 0, 0, 0, 0, 0, 0, 0, 0, 0, 0, 0, 0, 0, 0, 0, 0, 0, 0, 0, 0, 0, 0, 0, 0, 0, 0, 0, 0, 0, 0, 0, 0, 0, 0, 0, 0, 0, 0, 0, 0, 0, 0, 0, 0, 0, 0, 0, 0, 0, 0, 0, 0, 0, 0, 0, 0, 0, 0, 0, 0, 0, 0, 0, 0, 0, 0, 0, 0, 0, 0, 0, 0, 0, 0, 0, 0, 0, 0, 0, 0, 0]}
STREAM_MAPTOLONG: {MORE_THAN_TWO_STANDARD_DEVIATIONS=[2, 1, 1], LESS_THAN_ONE_STANDARD_DEVIATION=[0, 0, 0, 0, 0, 0, 0, 0, 0, 0, 0, 0, 0, 0, 0, 0, 0, 0, 0, 0, 0, 0, 0, 0, 0, 0, 0, 0, 0, 0, 0, 0, 0, 0, 0, 0, 0, 0, 0, 0, 0, 0, 0, 0, 0, 0, 0, 0, 0, 0, 0, 0, 0, 0, 0, 0, 0, 0, 0, 0, 0, 0, 0, 0, 0, 0, 0, 0, 0, 0, 0, 0, 0, 0, 0, 0, 0, 0, 0, 0, 0, 0, 0, 0, 0, 0, 0, 0, 0, 0, 0, 0, 0, 0, 0, 0, 0]}
ITERATOR: {MORE_THAN_TWO_STANDARD_DEVIATIONS=[1, 1], LESS_THAN_ONE_STANDARD_DEVIATION=[0, 0, 0, 0, 0, 0, 0, 0, 0, 0, 0, 0, 0, 0, 0, 0, 0, 0, 0, 0, 0, 0, 0, 0, 0, 0, 0, 0, 0, 0, 0, 0, 0, 0, 0, 0, 0, 0, 0, 0, 0, 0, 0, 0, 0, 0, 0, 0, 0, 0, 0, 0, 0, 0, 0, 0, 0, 0, 0, 0, 0, 0, 0, 0, 0, 0, 0, 0, 0, 0, 0, 0, 0, 0, 0, 0, 0, 0, 0, 0, 0, 0, 0, 0, 0, 0, 0, 0, 0, 0, 0, 0, 0, 0, 0, 0, 0, 0]}


---------------------------------------------------
---------------------------------------------------

ResultSet for list size: 1000000

Average per algorithm:
INDEXED_FOR: 4.316326530612245
STREAM_REDUCE: 6.612244897959184
PARALLEL_STREAM: 3.0714285714285716
STREAM_COLLECT: 9.479591836734693
FOR_LOOP: 3.877551020408163
WHILE_LOOP: 9.612244897959183
FOREACH: 13.673469387755102
STREAM_MAPTOLONG: 6.418367346938775
ITERATOR: 3.877551020408163

Standard deviation per algorithm:
INDEXED_FOR: 4.127055922477343
STREAM_REDUCE: 0.7372404844158548
PARALLEL_STREAM: 6.676565779818611
STREAM_COLLECT: 0.7723485498027045
FOR_LOOP: 1.7277170623099483
WHILE_LOOP: 6.019750915352074
FOREACH: 1.0952169685713256
STREAM_MAPTOLONG: 0.570060315243405
ITERATOR: 0.950459675281226

Measurements per algorithm:
INDEXED_FOR: [27, 28, 26, 27, 13, 4, 5, 4, 4, 3, 3, 3, 3, 4, 4, 4, 4, 3, 3, 3, 4, 4, 3, 3, 4, 4, 4, 3, 3, 4, 4, 4, 4, 4, 4, 3, 3, 3, 6, 4, 3, 4, 4, 3, 4, 4, 4, 4, 4, 4, 4, 4, 4, 4, 4, 3, 3, 3, 4, 3, 4, 4, 3, 3, 4, 4, 3, 3, 3, 3, 3, 3, 3, 4, 3, 4, 4, 3, 4, 4, 4, 3, 3, 3, 3, 3, 3, 4, 3, 3, 3, 3, 3, 3, 3, 3, 2, 3, 3, 2]
STREAM_REDUCE: [15, 6, 7, 7, 7, 7, 7, 7, 8, 8, 8, 8, 7, 7, 8, 8, 6, 6, 6, 7, 7, 6, 6, 6, 6, 6, 6, 7, 6, 6, 6, 8, 7, 6, 6, 7, 6, 6, 6, 6, 6, 6, 7, 6, 6, 6, 6, 6, 6, 6, 6, 7, 6, 6, 6, 6, 6, 6, 6, 6, 6, 6, 6, 6, 6, 8, 7, 7, 6, 7, 6, 6, 6, 7, 7, 8, 8, 8, 7, 7, 7, 7, 8, 7, 8, 8, 8, 7, 7, 7, 7, 7, 6, 6, 6, 6, 6, 6, 6, 6]
PARALLEL_STREAM: [48, 50, 51, 9, 2, 2, 3, 2, 2, 2, 2, 1, 2, 2, 2, 2, 2, 2, 2, 2, 2, 2, 2, 2, 2, 2, 2, 2, 2, 2, 2, 2, 2, 2, 4, 3, 2, 2, 2, 2, 2, 2, 2, 1, 2, 2, 2, 2, 2, 2, 2, 2, 2, 2, 2, 3, 2, 2, 2, 2, 2, 2, 2, 1, 2, 2, 2, 2, 2, 2, 2, 2, 3, 2, 2, 2, 2, 2, 2, 2, 2, 2, 2, 1, 2, 2, 3, 2, 2, 2, 2, 2, 2, 2, 2, 2, 2, 2, 2, 2]
STREAM_COLLECT: [12, 9, 9, 10, 9, 10, 11, 11, 10, 11, 11, 11, 11, 11, 9, 9, 10, 9, 9, 9, 9, 9, 10, 9, 9, 9, 9, 9, 9, 10, 9, 9, 10, 9, 9, 9, 10, 9, 10, 9, 9, 9, 10, 9, 9, 9, 9, 9, 9, 10, 9, 9, 9, 9, 9, 11, 11, 12, 10, 11, 11, 12, 10, 9, 9, 9, 10, 9, 9, 9, 9, 9, 9, 9, 9, 9, 9, 10, 9, 9, 9, 9, 9, 9, 9, 9, 10, 9, 10, 9, 9, 9, 9, 9, 9, 9, 9, 9, 10, 10]
FOR_LOOP: [20, 23, 5, 4, 4, 4, 4, 4, 3, 4, 3, 5, 4, 4, 4, 4, 4, 4, 4, 4, 4, 4, 4, 4, 5, 4, 5, 4, 4, 3, 3, 4, 4, 4, 4, 4, 4, 4, 4, 4, 4, 4, 4, 3, 3, 4, 3, 4, 3, 4, 4, 3, 3, 3, 3, 4, 4, 3, 3, 4, 3, 4, 3, 3, 3, 4, 3, 3, 4, 4, 4, 4, 3, 3, 4, 4, 3, 3, 3, 4, 4, 4, 3, 3, 3, 3, 4, 4, 3, 3, 4, 3, 4, 4, 3, 3, 5, 4, 4, 4]
WHILE_LOOP: [24, 53, 6, 28, 4, 4, 7, 4, 4, 6, 17, 17, 17, 17, 17, 16, 15, 14, 17, 14, 14, 14, 15, 13, 14, 14, 14, 15, 15, 15, 14, 14, 15, 14, 14, 15, 15, 16, 17, 17, 17, 17, 18, 18, 17, 15, 15, 15, 15, 14, 14, 15, 15, 5, 3, 3, 3, 4, 3, 4, 4, 4, 4, 4, 3, 3, 4, 4, 4, 4, 4, 4, 4, 3, 4, 3, 4, 5, 5, 6, 5, 5, 5, 5, 5, 5, 5, 6, 4, 5, 4, 3, 4, 5, 5, 4, 4, 5, 5, 4]
FOREACH: [26, 17, 16, 16, 17, 16, 14, 13, 14, 13, 13, 14, 13, 14, 14, 13, 13, 14, 13, 14, 14, 14, 14, 13, 13, 13, 13, 13, 13, 12, 13, 15, 14, 16, 16, 15, 16, 16, 14, 14, 13, 13, 13, 13, 13, 13, 13, 13, 13, 13, 13, 13, 13, 14, 14, 12, 13, 14, 13, 13, 13, 13, 13, 13, 13, 14, 14, 14, 16, 16, 16, 15, 15, 13, 13, 13, 13, 13, 14, 13, 13, 13, 13, 13, 13, 13, 13, 12, 13, 13, 13, 14, 14, 13, 13, 13, 13, 13, 13, 13]
STREAM_MAPTOLONG: [9, 7, 6, 6, 7, 6, 6, 6, 6, 6, 6, 7, 7, 6, 6, 6, 7, 7, 6, 6, 6, 7, 6, 6, 6, 6, 6, 8, 6, 7, 7, 6, 6, 6, 6, 7, 6, 6, 6, 6, 7, 7, 7, 7, 7, 7, 7, 7, 7, 7, 7, 7, 8, 8, 7, 7, 7, 6, 6, 7, 6, 6, 6, 7, 6, 6, 6, 7, 6, 6, 6, 6, 6, 6, 6, 6, 6, 6, 6, 6, 7, 6, 6, 6, 8, 7, 6, 6, 6, 6, 7, 6, 6, 7, 6, 6, 6, 6, 6, 7]
ITERATOR: [26, 11, 5, 5, 5, 5, 3, 4, 5, 4, 4, 3, 4, 3, 3, 4, 4, 4, 4, 3, 4, 3, 4, 3, 3, 3, 3, 4, 3, 4, 4, 4, 4, 4, 4, 4, 4, 3, 4, 4, 5, 4, 3, 4, 4, 4, 4, 4, 4, 4, 4, 5, 4, 4, 5, 4, 4, 5, 4, 4, 3, 4, 5, 4, 4, 4, 4, 4, 4, 3, 4, 4, 4, 4, 3, 4, 4, 5, 4, 4, 4, 3, 4, 3, 3, 3, 3, 3, 3, 3, 3, 4, 4, 4, 3, 3, 3, 3, 3, 3]

Classified measurements per deviation per algorithm:
INDEXED_FOR: {MORE_THAN_TWO_STANDARD_DEVIATIONS=[27, 28, 26, 27, 13], LESS_THAN_ONE_STANDARD_DEVIATION=[4, 5, 4, 4, 3, 3, 3, 3, 4, 4, 4, 4, 3, 3, 3, 4, 4, 3, 3, 4, 4, 4, 3, 3, 4, 4, 4, 4, 4, 4, 3, 3, 3, 6, 4, 3, 4, 4, 3, 4, 4, 4, 4, 4, 4, 4, 4, 4, 4, 4, 3, 3, 3, 4, 3, 4, 4, 3, 3, 4, 4, 3, 3, 3, 3, 3, 3, 3, 4, 3, 4, 4, 3, 4, 4, 4, 3, 3, 3, 3, 3, 3, 4, 3, 3, 3, 3, 3, 3, 3, 3, 2, 3, 3, 2]}
STREAM_REDUCE: {MORE_THAN_TWO_STANDARD_DEVIATIONS=[15], MORE_THAN_ONE_STANDARD_DEVIATION=[8, 8, 8, 8, 8, 8, 8, 8, 8, 8, 8, 8, 8, 8, 8], LESS_THAN_ONE_STANDARD_DEVIATION=[6, 7, 7, 7, 7, 7, 7, 7, 7, 6, 6, 6, 7, 7, 6, 6, 6, 6, 6, 6, 7, 6, 6, 6, 7, 6, 6, 7, 6, 6, 6, 6, 6, 6, 7, 6, 6, 6, 6, 6, 6, 6, 6, 7, 6, 6, 6, 6, 6, 6, 6, 6, 6, 6, 6, 6, 6, 7, 7, 6, 7, 6, 6, 6, 7, 7, 7, 7, 7, 7, 7, 7, 7, 7, 7, 7, 6, 6, 6, 6, 6, 6, 6, 6]}
PARALLEL_STREAM: {MORE_THAN_TWO_STANDARD_DEVIATIONS=[48, 50, 51], LESS_THAN_ONE_STANDARD_DEVIATION=[9, 2, 2, 3, 2, 2, 2, 2, 1, 2, 2, 2, 2, 2, 2, 2, 2, 2, 2, 2, 2, 2, 2, 2, 2, 2, 2, 2, 2, 2, 2, 4, 3, 2, 2, 2, 2, 2, 2, 2, 1, 2, 2, 2, 2, 2, 2, 2, 2, 2, 2, 2, 3, 2, 2, 2, 2, 2, 2, 2, 1, 2, 2, 2, 2, 2, 2, 2, 2, 3, 2, 2, 2, 2, 2, 2, 2, 2, 2, 2, 1, 2, 2, 3, 2, 2, 2, 2, 2, 2, 2, 2, 2, 2, 2, 2, 2]}
STREAM_COLLECT: {MORE_THAN_TWO_STANDARD_DEVIATIONS=[12, 12, 12], MORE_THAN_ONE_STANDARD_DEVIATION=[11, 11, 11, 11, 11, 11, 11, 11, 11, 11, 11], LESS_THAN_ONE_STANDARD_DEVIATION=[9, 9, 10, 9, 10, 10, 9, 9, 10, 9, 9, 9, 9, 9, 10, 9, 9, 9, 9, 9, 9, 10, 9, 9, 10, 9, 9, 9, 10, 9, 10, 9, 9, 9, 10, 9, 9, 9, 9, 9, 9, 10, 9, 9, 9, 9, 9, 10, 10, 9, 9, 9, 10, 9, 9, 9, 9, 9, 9, 9, 9, 9, 9, 10, 9, 9, 9, 9, 9, 9, 9, 9, 10, 9, 10, 9, 9, 9, 9, 9, 9, 9, 9, 9, 10, 10]}
FOR_LOOP: {MORE_THAN_TWO_STANDARD_DEVIATIONS=[20, 23], LESS_THAN_ONE_STANDARD_DEVIATION=[5, 4, 4, 4, 4, 4, 3, 4, 3, 5, 4, 4, 4, 4, 4, 4, 4, 4, 4, 4, 4, 4, 5, 4, 5, 4, 4, 3, 3, 4, 4, 4, 4, 4, 4, 4, 4, 4, 4, 4, 4, 3, 3, 4, 3, 4, 3, 4, 4, 3, 3, 3, 3, 4, 4, 3, 3, 4, 3, 4, 3, 3, 3, 4, 3, 3, 4, 4, 4, 4, 3, 3, 4, 4, 3, 3, 3, 4, 4, 4, 3, 3, 3, 3, 4, 4, 3, 3, 4, 3, 4, 4, 3, 3, 5, 4, 4, 4]}
WHILE_LOOP: {MORE_THAN_TWO_STANDARD_DEVIATIONS=[24, 53, 28], MORE_THAN_ONE_STANDARD_DEVIATION=[17, 17, 17, 17, 17, 16, 17, 16, 17, 17, 17, 17, 18, 18, 17, 3, 3, 3, 3, 3, 3, 3, 3, 3], LESS_THAN_ONE_STANDARD_DEVIATION=[6, 4, 4, 7, 4, 4, 6, 15, 14, 14, 14, 14, 15, 13, 14, 14, 14, 15, 15, 15, 14, 14, 15, 14, 14, 15, 15, 15, 15, 15, 15, 14, 14, 15, 15, 5, 4, 4, 4, 4, 4, 4, 4, 4, 4, 4, 4, 4, 4, 4, 4, 5, 5, 6, 5, 5, 5, 5, 5, 5, 5, 6, 4, 5, 4, 4, 5, 5, 4, 4, 5, 5, 4]}
FOREACH: {MORE_THAN_TWO_STANDARD_DEVIATIONS=[26, 17, 16, 16, 17, 16, 16, 16, 16, 16, 16, 16, 16], MORE_THAN_ONE_STANDARD_DEVIATION=[12, 15, 15, 12, 15, 15, 12], LESS_THAN_ONE_STANDARD_DEVIATION=[14, 13, 14, 13, 13, 14, 13, 14, 14, 13, 13, 14, 13, 14, 14, 14, 14, 13, 13, 13, 13, 13, 13, 13, 14, 14, 14, 13, 13, 13, 13, 13, 13, 13, 13, 13, 13, 13, 13, 13, 14, 14, 13, 14, 13, 13, 13, 13, 13, 13, 13, 14, 14, 14, 13, 13, 13, 13, 13, 14, 13, 13, 13, 13, 13, 13, 13, 13, 13, 13, 13, 14, 14, 13, 13, 13, 13, 13, 13, 13]}
STREAM_MAPTOLONG: {MORE_THAN_TWO_STANDARD_DEVIATIONS=[9, 8, 8, 8, 8], MORE_THAN_ONE_STANDARD_DEVIATION=[7, 7, 7, 7, 7, 7, 7, 7, 7, 7, 7, 7, 7, 7, 7, 7, 7, 7, 7, 7, 7, 7, 7, 7, 7, 7, 7, 7, 7, 7, 7, 7, 7], LESS_THAN_ONE_STANDARD_DEVIATION=[6, 6, 6, 6, 6, 6, 6, 6, 6, 6, 6, 6, 6, 6, 6, 6, 6, 6, 6, 6, 6, 6, 6, 6, 6, 6, 6, 6, 6, 6, 6, 6, 6, 6, 6, 6, 6, 6, 6, 6, 6, 6, 6, 6, 6, 6, 6, 6, 6, 6, 6, 6, 6, 6, 6, 6, 6, 6, 6, 6, 6, 6]}
ITERATOR: {MORE_THAN_TWO_STANDARD_DEVIATIONS=[26, 11], MORE_THAN_ONE_STANDARD_DEVIATION=[5, 5, 5, 5, 5, 5, 5, 5, 5, 5, 5], LESS_THAN_ONE_STANDARD_DEVIATION=[3, 4, 4, 4, 3, 4, 3, 3, 4, 4, 4, 4, 3, 4, 3, 4, 3, 3, 3, 3, 4, 3, 4, 4, 4, 4, 4, 4, 4, 4, 3, 4, 4, 4, 3, 4, 4, 4, 4, 4, 4, 4, 4, 4, 4, 4, 4, 4, 4, 3, 4, 4, 4, 4, 4, 4, 4, 3, 4, 4, 4, 4, 3, 4, 4, 4, 4, 4, 3, 4, 3, 3, 3, 3, 3, 3, 3, 3, 4, 4, 4, 3, 3, 3, 3, 3, 3]}


---------------------------------------------------
---------------------------------------------------